1760454673152 0.0 0
1760454673327 0.0 1
1760454673532 0.0 2
1760454673876 0.0 3
1760454674012 0.0 4
1760454674265 0.0 5
1760454674495 0.0 6
1760454674646 0.0 7
1760454674794 0.0 8
1760454674927 0.0 9
1760454675064 0.0 10
1760454675240 0.0 11
1760454675426 0.0 12
1760454675618 0.0 13
1760454675874 0.0 14
1760454676014 0.0 15
1760454820469 0.0 16
1760454820660 0.0 17
1760454820807 0.0 18
1760454821034 0.0 19
1760454821212 0.0 20
1760454821363 0.0 21
1760454821496 0.0 22
1760454821694 0.0 23
1760454821937 0.0 24
1760454822133 0.0 25
1760454822364 0.0 26
1760454822509 0.0 27
1760454822648 0.0 28
1760454822887 0.0 29
1760454823130 0.0 30
1760454823316 0.0 31
1760454969734 0.0 32
1760454969874 0.0 33
1760454970075 0.0 34
1760454970258 0.0 35
1760454970443 0.0 36
1760454970569 0.0 37
1760454970703 0.0 38
1760454970879 0.0 39
1760454971113 0.0 40
1760454971287 0.0 41
1760454971441 0.0 42
1760454971686 0.0 43
1760454971869 0.0 44
1760454972058 0.0 45
1760454972188 0.0 46
1760454972521 0.0 47
1760455116826 0.0 48
1760455117089 0.0 49
1760455117279 0.0 50
1760455117416 0.0 51
1760455117762 0.0 52
1760455117953 0.0 53
1760455118128 0.0 54
1760455118396 0.0 55
1760455118532 0.0 56
1760455118707 0.0 57
1760455118838 0.0 58
1760455119053 0.0 59
1760455119234 0.0 60
1760455119387 0.0 61
1760455119547 0.0 62
1760455119675 0.0 63
