1760454673152 1.0760513152901865 0
1760454673327 1.0602959845850337 1
1760454673532 1.0479447949739882 2
1760454673876 1.0366283228208801 3
1760454674012 1.0270122606849816 4
1760454674265 1.0182293582420907 5
1760454674495 1.0100715817390418 6
1760454674646 1.0019480204765951 7
1760454674794 0.9948036558874677 8
1760454674927 0.9868773937681408 9
1760454675064 0.9798523502446348 10
1760454675240 0.9723738663141244 11
1760454675426 0.9655310905192847 12
1760454675618 0.9582204061027848 13
1760454675874 0.9518044282434475 14
1760454676014 0.9442636965761341 15
1760454820469 0.9379605151935666 16
1760454820660 0.9314588164964834 17
1760454820807 0.9243492342103261 18
1760454821034 0.9180970730024741 19
1760454821212 0.9120777932275895 20
1760454821363 0.9052357716453415 21
1760454821496 0.8990119955169736 22
1760454821694 0.8931819421540075 23
1760454821937 0.8871250965598845 24
1760454822133 0.881063404049339 25
1760454822364 0.874969678739397 26
1760454822509 0.8692392098869326 27
1760454822648 0.864012930726227 28
1760454822887 0.8581436046621014 29
1760454823130 0.8524249666216273 30
1760454823316 0.8473945512808037 31
1760454969734 0.8416225595124905 32
1760454969874 0.8363405639696839 33
1760454970075 0.8314389602355401 34
1760454970258 0.8262901226442635 35
1760454970443 0.8208063434556976 36
1760454970569 0.8157642351540019 37
1760454970703 0.8106666873576895 38
1760454970879 0.8057984874344828 39
1760454971113 0.8007177524512519 40
1760454971287 0.7954535528470246 41
1760454971441 0.7905920654124261 42
1760454971686 0.7856110398014222 43
1760454971869 0.7814808645647183 44
1760454972058 0.7762538232575434 45
1760454972188 0.770780524309722 46
1760454972521 0.766259579620598 47
1760455116826 0.7618828281512886 48
1760455117089 0.7567053309163833 49
1760455117279 0.7522084604424182 50
1760455117416 0.7473195129961687 51
1760455117762 0.7416710591014818 52
1760455117953 0.7370736836530033 53
1760455118128 0.7327581257622531 54
1760455118396 0.7275511249627091 55
1760455118532 0.723576093831193 56
1760455118707 0.7180124571200115 57
1760455118838 0.712883625600511 58
1760455119053 0.7086490247710873 59
1760455119234 0.7036465856701576 60
1760455119387 0.6984818212210513 61
1760455119547 0.6935642900314803 62
1760455119675 0.6888536127147695 63
