1760887819864 0.0 0
1760887820064 0.0 1
1760887820272 0.0 2
1760887820492 0.0 3
1760887820655 0.0 4
1760887820804 0.0 5
1760887820953 0.0 6
1760887821208 0.0 7
1760887821356 0.0 8
1760887821510 0.0 9
1760887821662 0.0 10
1760887821812 0.0 11
1760887821969 0.0 12
1760887822119 0.0 13
1760887822268 0.0 14
1760887822469 0.0 15
1760887914144 0.0 16
1760887914365 0.0 17
1760887914535 0.0 18
1760887914738 0.0 19
1760887914888 0.0 20
1760887915057 0.0 21
1760887915286 0.0 22
1760887915455 0.0 23
1760887915624 0.0 24
1760887915787 0.0 25
1760887915938 0.0 26
1760887916104 0.0 27
1760887916262 0.0 28
1760887916540 0.0 29
1760887916736 0.0 30
1760887916884 0.0 31
1760888006822 0.0 32
1760888007018 0.0 33
1760888007229 0.0 34
1760888007419 0.0 35
1760888007577 0.0 36
1760888007730 0.0 37
1760888007898 0.0 38
1760888008047 0.0 39
1760888008269 0.0 40
1760888008420 0.0 41
1760888008672 0.0 42
1760888008836 0.0 43
1760888009038 0.0 44
1760888009187 0.0 45
1760888009360 0.0 46
1760888009518 0.0 47
1760888100353 0.0 48
1760888100675 0.0 49
1760888100825 0.0 50
1760888101018 0.0 51
1760888101218 0.0 52
1760888101376 0.0 53
1760888101528 0.0 54
1760888101677 0.0 55
1760888101844 0.0 56
1760888102034 0.0 57
1760888102198 0.0 58
1760888102349 0.0 59
1760888102506 0.0 60
1760888102657 0.0 61
1760888102856 0.0 62
1760888103004 0.0 63
1760888192845 0.0 64
1760888193488 0.0 65
1760888193636 0.0 66
1760888193827 0.0 67
1760888193986 0.0 68
1760888194199 0.0 69
1760888194394 0.0 70
1760888194645 0.0 71
1760888194794 0.0 72
1760888194944 0.0 73
1760888195106 0.0 74
1760888195312 0.0 75
1760888195462 0.0 76
1760888195659 0.0 77
1760888195815 0.0 78
1760888195966 0.0 79
1760888273629 0.0 80
1760888273823 0.0 81
1760888273971 0.0 82
1760888274118 0.0 83
1760888274266 0.0 84
1760888274413 0.0 85
1760888274564 0.0 86
1760888274710 0.0 87
1760888274858 0.0 88
1760888275005 0.0 89
1760888275154 0.0 90
1760888275300 0.0 91
1760888275449 0.0 92
1760888275532 0.0 93
1760888365147 0.0 93
1760888464511 1.0 94
1760888465081 1.0 95
1760888465315 1.0 96
1760888465653 1.0 97
1760888465840 1.0 98
1760888466000 1.0 99
1760888466193 1.0 100
1760888466344 1.0 101
1760888466538 1.0 102
1760888466745 1.0 103
1760888466912 1.0 104
1760888467117 1.0 105
1760888467274 1.0 106
1760888467423 1.0 107
1760888467593 1.0 108
1760888467750 1.0 109
1760888559790 1.0 110
1760888560776 1.0 111
1760888560945 1.0 112
1760888561102 1.0 113
1760888561274 1.0 114
1760888561426 1.0 115
1760888561621 1.0 116
1760888561813 1.0 117
1760888561962 1.0 118
1760888562120 1.0 119
1760888562270 1.0 120
1760888562515 1.0 121
1760888562720 1.0 122
1760888562881 1.0 123
1760888563155 1.0 124
1760888563455 1.0 125
1760888657512 1.0 126
1760888657706 1.0 127
1760888658233 1.0 128
1760888658403 1.0 129
1760888658561 1.0 130
1760888658714 1.0 131
1760888658886 1.0 132
1760888659094 1.0 133
1760888659264 1.0 134
1760888659472 1.0 135
1760888659641 1.0 136
1760888659793 1.0 137
1760888659990 1.0 138
1760888660145 1.0 139
1760888660355 1.0 140
1760888660563 1.0 141
1760888751581 1.0 142
1760888751973 1.0 143
1760888752131 1.0 144
1760888752322 1.0 145
1760888752496 1.0 146
1760888752707 1.0 147
1760888752866 1.0 148
1760888753119 1.0 149
1760888753332 1.0 150
1760888753577 1.0 151
1760888753736 1.0 152
1760888753899 1.0 153
1760888754092 1.0 154
1760888754251 1.0 155
1760888754439 1.0 156
1760888754699 1.0 157
1760888842480 1.0 158
1760888842711 1.0 159
1760888842978 1.0 160
1760888843143 1.0 161
1760888843366 1.0 162
1760888843518 1.0 163
1760888843680 1.0 164
1760888843848 1.0 165
1760888844061 1.0 166
1760888844226 1.0 167
1760888844434 1.0 168
1760888844585 1.0 169
1760888844739 1.0 170
1760888844945 1.0 171
1760888845103 1.0 172
1760888845253 1.0 173
1760888921679 1.0 174
1760888921875 1.0 175
1760888922028 1.0 176
1760888922177 1.0 177
1760888922327 1.0 178
1760888922475 1.0 179
1760888922623 1.0 180
1760888922772 1.0 181
1760888922921 1.0 182
1760888923069 1.0 183
1760888923217 1.0 184
1760888923366 1.0 185
1760888923516 1.0 186
1760888923598 1.0 187
1760889015482 1.0 187
1760889109332 2.0 188
1760889110404 2.0 189
1760889110561 2.0 190
1760889110713 2.0 191
1760889110882 2.0 192
1760889111139 2.0 193
1760889111294 2.0 194
1760889111444 2.0 195
1760889111599 2.0 196
1760889111748 2.0 197
1760889111898 2.0 198
1760889112059 2.0 199
1760889112224 2.0 200
1760889112392 2.0 201
1760889112600 2.0 202
1760889112749 2.0 203
1760889204185 2.0 204
1760889204797 2.0 205
1760889205459 2.0 206
1760889205652 2.0 207
1760889205823 2.0 208
1760889206024 2.0 209
1760889206182 2.0 210
1760889206344 2.0 211
1760889206494 2.0 212
1760889206647 2.0 213
1760889206883 2.0 214
1760889207034 2.0 215
1760889207230 2.0 216
1760889207425 2.0 217
1760889207587 2.0 218
1760889207736 2.0 219
1760889304845 2.0 220
1760889306144 2.0 221
1760889306940 2.0 222
1760889307089 2.0 223
1760889307260 2.0 224
1760889307412 2.0 225
1760889307624 2.0 226
1760889307840 2.0 227
1760889308108 2.0 228
1760889308269 2.0 229
1760889308435 2.0 230
1760889308587 2.0 231
1760889308753 2.0 232
1760889308903 2.0 233
1760889309079 2.0 234
1760889309235 2.0 235
1760889399974 2.0 236
1760889401908 2.0 237
1760889402166 2.0 238
1760889402315 2.0 239
1760889402478 2.0 240
1760889402641 2.0 241
1760889402847 2.0 242
1760889403042 2.0 243
1760889403202 2.0 244
1760889403457 2.0 245
1760889403620 2.0 246
1760889403785 2.0 247
1760889403956 2.0 248
1760889404171 2.0 249
1760889404324 2.0 250
1760889404480 2.0 251
1760889496242 2.0 252
1760889497763 2.0 253
1760889499587 2.0 254
1760889499752 2.0 255
1760889499908 2.0 256
1760889500071 2.0 257
1760889500233 2.0 258
1760889500396 2.0 259
1760889500597 2.0 260
1760889500761 2.0 261
1760889501033 2.0 262
1760889501187 2.0 263
1760889501340 2.0 264
1760889501502 2.0 265
1760889501711 2.0 266
1760889501914 2.0 267
1760889578221 2.0 268
1760889578720 2.0 269
1760889579335 2.0 270
1760889579490 2.0 271
1760889579638 2.0 272
1760889579790 2.0 273
1760889579937 2.0 274
1760889580093 2.0 275
1760889580245 2.0 276
1760889580400 2.0 277
1760889580550 2.0 278
1760889580700 2.0 279
1760889580851 2.0 280
1760889580932 2.0 281
1760889672770 2.0 281
1760889774241 3.0 282
1760889774446 3.0 283
1760889774627 3.0 284
1760889774787 3.0 285
1760889774949 3.0 286
1760889775103 3.0 287
1760889775280 3.0 288
1760889775454 3.0 289
1760889775607 3.0 290
1760889775801 3.0 291
1760889775966 3.0 292
1760889776116 3.0 293
1760889776269 3.0 294
1760889776420 3.0 295
1760889776620 3.0 296
1760889776784 3.0 297
1760889868540 3.0 298
1760889868935 3.0 299
1760889869135 3.0 300
1760889869300 3.0 301
1760889869474 3.0 302
1760889869626 3.0 303
1760889869779 3.0 304
1760889869936 3.0 305
1760889870109 3.0 306
1760889870319 3.0 307
1760889870508 3.0 308
1760889870657 3.0 309
1760889870859 3.0 310
1760889871057 3.0 311
1760889871238 3.0 312
1760889871448 3.0 313
1760889961743 3.0 314
1760889962236 3.0 315
1760889962459 3.0 316
1760889962615 3.0 317
1760889962814 3.0 318
1760889962972 3.0 319
1760889963130 3.0 320
1760889963347 3.0 321
1760889963511 3.0 322
1760889963746 3.0 323
1760889963910 3.0 324
1760889964064 3.0 325
1760889964238 3.0 326
1760889964390 3.0 327
1760889964559 3.0 328
1760889964712 3.0 329
1760890055667 3.0 330
1760890055907 3.0 331
1760890056165 3.0 332
1760890056321 3.0 333
1760890056478 3.0 334
1760890056630 3.0 335
1760890056792 3.0 336
1760890056954 3.0 337
1760890057129 3.0 338
1760890057328 3.0 339
1760890057487 3.0 340
1760890057640 3.0 341
1760890057811 3.0 342
1760890057966 3.0 343
1760890058136 3.0 344
1760890058333 3.0 345
1760890150303 3.0 346
1760890150486 3.0 347
1760890152349 3.0 348
1760890152508 3.0 349
1760890152668 3.0 350
1760890152830 3.0 351
1760890153036 3.0 352
1760890153293 3.0 353
1760890153448 3.0 354
1760890153607 3.0 355
1760890153761 3.0 356
1760890153915 3.0 357
1760890154072 3.0 358
1760890154242 3.0 359
1760890154406 3.0 360
1760890154568 3.0 361
1760890237381 3.0 362
1760890237548 3.0 363
1760890237703 3.0 364
1760890237857 3.0 365
1760890238013 3.0 366
1760890238168 3.0 367
1760890238323 3.0 368
1760890238478 3.0 369
1760890238633 3.0 370
1760890238788 3.0 371
1760890238939 3.0 372
1760890239095 3.0 373
1760890239253 3.0 374
1760890239339 3.0 375
1760890327972 3.0 375
1760890424648 4.0 376
1760890425929 4.0 377
1760890426101 4.0 378
1760890426279 4.0 379
1760890426446 4.0 380
1760890426619 4.0 381
1760890426771 4.0 382
1760890426923 4.0 383
1760890427078 4.0 384
1760890427232 4.0 385
1760890427467 4.0 386
1760890427669 4.0 387
1760890427821 4.0 388
1760890428016 4.0 389
1760890428168 4.0 390
1760890428324 4.0 391
1760890522706 4.0 392
1760890522991 4.0 393
1760890523243 4.0 394
1760890523398 4.0 395
1760890523550 4.0 396
1760890523709 4.0 397
1760890524013 4.0 398
1760890524218 4.0 399
1760890524382 4.0 400
1760890524635 4.0 401
1760890524803 4.0 402
1760890525021 4.0 403
1760890525218 4.0 404
1760890525378 4.0 405
1760890525636 4.0 406
1760890525811 4.0 407
1760890617568 4.0 408
1760890617801 4.0 409
1760890617967 4.0 410
1760890618125 4.0 411
1760890618384 4.0 412
1760890618539 4.0 413
1760890618689 4.0 414
1760890618838 4.0 415
1760890619003 4.0 416
1760890619165 4.0 417
1760890619327 4.0 418
1760890619535 4.0 419
1760890619689 4.0 420
1760890619855 4.0 421
1760890620017 4.0 422
1760890620180 4.0 423
1760890711183 4.0 424
1760890711484 4.0 425
1760890711696 4.0 426
1760890711874 4.0 427
1760890712071 4.0 428
1760890712229 4.0 429
1760890712379 4.0 430
1760890712628 4.0 431
1760890712837 4.0 432
1760890712993 4.0 433
1760890713143 4.0 434
1760890713418 4.0 435
1760890713574 4.0 436
1760890713747 4.0 437
1760890713918 4.0 438
1760890714130 4.0 439
1760890804851 4.0 440
1760890805124 4.0 441
1760890805279 4.0 442
1760890805491 4.0 443
1760890805646 4.0 444
1760890805816 4.0 445
1760890805989 4.0 446
1760890806169 4.0 447
1760890806327 4.0 448
1760890806482 4.0 449
1760890806631 4.0 450
1760890806781 4.0 451
1760890806934 4.0 452
1760890807088 4.0 453
1760890807241 4.0 454
1760890807400 4.0 455
1760890886479 4.0 456
1760890886642 4.0 457
1760890886796 4.0 458
1760890886951 4.0 459
1760890887104 4.0 460
1760890887257 4.0 461
1760890887407 4.0 462
1760890887554 4.0 463
1760890887711 4.0 464
1760890887866 4.0 465
1760890888015 4.0 466
1760890888163 4.0 467
1760890888313 4.0 468
1760890888392 4.0 469
1760890980204 4.0 469
1760891075499 5.0 470
1760891075716 5.0 471
1760891075994 5.0 472
1760891076205 5.0 473
1760891076395 5.0 474
1760891076572 5.0 475
1760891076772 5.0 476
1760891076925 5.0 477
1760891077121 5.0 478
1760891077274 5.0 479
1760891077432 5.0 480
1760891077637 5.0 481
1760891077804 5.0 482
1760891078049 5.0 483
1760891078203 5.0 484
1760891078356 5.0 485
1760891171077 5.0 486
1760891171317 5.0 487
1760891171471 5.0 488
1760891171638 5.0 489
1760891171812 5.0 490
1760891171969 5.0 491
1760891172201 5.0 492
1760891172369 5.0 493
1760891172531 5.0 494
1760891172684 5.0 495
1760891172855 5.0 496
1760891173053 5.0 497
1760891173206 5.0 498
1760891173371 5.0 499
1760891173536 5.0 500
1760891173697 5.0 501
1760891268316 5.0 502
1760891268651 5.0 503
1760891268813 5.0 504
1760891268962 5.0 505
1760891269810 5.0 506
1760891269988 5.0 507
1760891270154 5.0 508
1760891270397 5.0 509
1760891270553 5.0 510
1760891270708 5.0 511
1760891270924 5.0 512
1760891271088 5.0 513
1760891271272 5.0 514
1760891271479 5.0 515
1760891271632 5.0 516
1760891271841 5.0 517
1760891363946 5.0 518
1760891364527 5.0 519
1760891364684 5.0 520
1760891364879 5.0 521
1760891365047 5.0 522
1760891365217 5.0 523
1760891365377 5.0 524
1760891365593 5.0 525
1760891365751 5.0 526
1760891365906 5.0 527
1760891366059 5.0 528
1760891366212 5.0 529
1760891366385 5.0 530
1760891366643 5.0 531
1760891366807 5.0 532
1760891367006 5.0 533
1760891458994 5.0 534
1760891459331 5.0 535
1760891459539 5.0 536
1760891459702 5.0 537
1760891459916 5.0 538
1760891460074 5.0 539
1760891460232 5.0 540
1760891460384 5.0 541
1760891460535 5.0 542
1760891460706 5.0 543
1760891460862 5.0 544
1760891461016 5.0 545
1760891461228 5.0 546
1760891461381 5.0 547
1760891461614 5.0 548
1760891461792 5.0 549
1760891538526 5.0 550
1760891538706 5.0 551
1760891538859 5.0 552
1760891539010 5.0 553
1760891539170 5.0 554
1760891539329 5.0 555
1760891539478 5.0 556
1760891539631 5.0 557
1760891539786 5.0 558
1760891539937 5.0 559
1760891540088 5.0 560
1760891540240 5.0 561
1760891540394 5.0 562
1760891540476 5.0 563
1760891630451 5.0 563
1760891730284 6.0 564
1760891730456 6.0 565
1760891730684 6.0 566
1760891730847 6.0 567
1760891731061 6.0 568
1760891731231 6.0 569
1760891731488 6.0 570
1760891731658 6.0 571
1760891731831 6.0 572
1760891731983 6.0 573
1760891732182 6.0 574
1760891732350 6.0 575
1760891732504 6.0 576
1760891732659 6.0 577
1760891732828 6.0 578
1760891732981 6.0 579
1760891824503 6.0 580
1760891824665 6.0 581
1760891824979 6.0 582
1760891825151 6.0 583
1760891825378 6.0 584
1760891825548 6.0 585
1760891825701 6.0 586
1760891825883 6.0 587
1760891826048 6.0 588
1760891826204 6.0 589
1760891826357 6.0 590
1760891826514 6.0 591
1760891826666 6.0 592
1760891826865 6.0 593
1760891827027 6.0 594
1760891827186 6.0 595
1760891921099 6.0 596
1760891921270 6.0 597
1760891921452 6.0 598
1760891921650 6.0 599
1760891921804 6.0 600
1760891921957 6.0 601
1760891922114 6.0 602
1760891922282 6.0 603
1760891922439 6.0 604
1760891922593 6.0 605
1760891922753 6.0 606
1760891922923 6.0 607
1760891923105 6.0 608
1760891923313 6.0 609
1760891923606 6.0 610
1760891923759 6.0 611
1760892018242 6.0 612
1760892018713 6.0 613
1760892019031 6.0 614
1760892019227 6.0 615
1760892019427 6.0 616
1760892020620 6.0 617
1760892020781 6.0 618
1760892020946 6.0 619
1760892021168 6.0 620
1760892021338 6.0 621
1760892021538 6.0 622
1760892021691 6.0 623
1760892021889 6.0 624
1760892022088 6.0 625
1760892022368 6.0 626
1760892022523 6.0 627
1760892114987 6.0 628
1760892115946 6.0 629
1760892116333 6.0 630
1760892116589 6.0 631
1760892116786 6.0 632
1760892117594 6.0 633
1760892117751 6.0 634
1760892117958 6.0 635
1760892118118 6.0 636
1760892118302 6.0 637
1760892118503 6.0 638
1760892118674 6.0 639
1760892118829 6.0 640
1760892118989 6.0 641
1760892119151 6.0 642
1760892119355 6.0 643
1760892201398 6.0 644
1760892201561 6.0 645
1760892201717 6.0 646
1760892201873 6.0 647
1760892202026 6.0 648
1760892202177 6.0 649
1760892202331 6.0 650
1760892202487 6.0 651
1760892202640 6.0 652
1760892202801 6.0 653
1760892202958 6.0 654
1760892203109 6.0 655
1760892203263 6.0 656
1760892203351 6.0 657
1760892296606 6.0 657
1760892396535 7.0 658
1760892396696 7.0 659
1760892396916 7.0 660
1760892397113 7.0 661
1760892397280 7.0 662
1760892397494 7.0 663
1760892397740 7.0 664
1760892397894 7.0 665
1760892398091 7.0 666
1760892398288 7.0 667
1760892398491 7.0 668
1760892398713 7.0 669
1760892398883 7.0 670
1760892399039 7.0 671
1760892399252 7.0 672
1760892399407 7.0 673
1760892489895 7.0 674
1760892490118 7.0 675
1760892490293 7.0 676
1760892490454 7.0 677
1760892490669 7.0 678
1760892491506 7.0 679
1760892491734 7.0 680
1760892491907 7.0 681
1760892492060 7.0 682
1760892492256 7.0 683
1760892492417 7.0 684
1760892492587 7.0 685
1760892492739 7.0 686
1760892492950 7.0 687
1760892493103 7.0 688
1760892493286 7.0 689
1760892588587 7.0 690
1760892589098 7.0 691
1760892589273 7.0 692
1760892589489 7.0 693
1760892589661 7.0 694
1760892590559 7.0 695
1760892590756 7.0 696
1760892590979 7.0 697
1760892591140 7.0 698
1760892591306 7.0 699
1760892591512 7.0 700
1760892591669 7.0 701
1760892591834 7.0 702
1760892592008 7.0 703
1760892592168 7.0 704
1760892592430 7.0 705
1760892684068 7.0 706
1760892685098 7.0 707
1760892685290 7.0 708
1760892685459 7.0 709
1760892685644 7.0 710
1760892685819 7.0 711
1760892685975 7.0 712
1760892686136 7.0 713
1760892686351 7.0 714
1760892686515 7.0 715
1760892686669 7.0 716
1760892686868 7.0 717
1760892687022 7.0 718
1760892687251 7.0 719
1760892687437 7.0 720
1760892687720 7.0 721
1760892780156 7.0 722
1760892781223 7.0 723
1760892781528 7.0 724
1760892781688 7.0 725
1760892781847 7.0 726
1760892782292 7.0 727
1760892782472 7.0 728
1760892782626 7.0 729
1760892782823 7.0 730
1760892782978 7.0 731
1760892783131 7.0 732
1760892783299 7.0 733
1760892783467 7.0 734
1760892783681 7.0 735
1760892783884 7.0 736
1760892784046 7.0 737
1760892861925 7.0 738
1760892862673 7.0 739
1760892862826 7.0 740
1760892862974 7.0 741
1760892863132 7.0 742
1760892863288 7.0 743
1760892863443 7.0 744
1760892863597 7.0 745
1760892863750 7.0 746
1760892863901 7.0 747
1760892864055 7.0 748
1760892864209 7.0 749
1760892864365 7.0 750
1760892864449 7.0 751
1760892959507 7.0 751
1760893062654 8.0 752
1760893062817 8.0 753
1760893062993 8.0 754
1760893063148 8.0 755
1760893063300 8.0 756
1760893063520 8.0 757
1760893063713 8.0 758
1760893063917 8.0 759
1760893064068 8.0 760
1760893064263 8.0 761
1760893064459 8.0 762
1760893064611 8.0 763
1760893064764 8.0 764
1760893064923 8.0 765
1760893065115 8.0 766
1760893065275 8.0 767
1760893156624 8.0 768
1760893156803 8.0 769
1760893156967 8.0 770
1760893157130 8.0 771
1760893157367 8.0 772
1760893157527 8.0 773
1760893157722 8.0 774
1760893157892 8.0 775
1760893158106 8.0 776
1760893158264 8.0 777
1760893158428 8.0 778
1760893158599 8.0 779
1760893158760 8.0 780
1760893158939 8.0 781
1760893159140 8.0 782
1760893159350 8.0 783
1760893248813 8.0 784
1760893248981 8.0 785
1760893249147 8.0 786
1760893249326 8.0 787
1760893250536 8.0 788
1760893250701 8.0 789
1760893250858 8.0 790
1760893251079 8.0 791
1760893251248 8.0 792
1760893251413 8.0 793
1760893251618 8.0 794
1760893251830 8.0 795
1760893251998 8.0 796
1760893252163 8.0 797
1760893252315 8.0 798
1760893252495 8.0 799
1760893341994 8.0 800
1760893342170 8.0 801
1760893342360 8.0 802
1760893342858 8.0 803
1760893343902 8.0 804
1760893344087 8.0 805
1760893344305 8.0 806
1760893344476 8.0 807
1760893344743 8.0 808
1760893344894 8.0 809
1760893345111 8.0 810
1760893345262 8.0 811
1760893345422 8.0 812
1760893345578 8.0 813
1760893345759 8.0 814
1760893345927 8.0 815
1760893438986 8.0 816
1760893439206 8.0 817
1760893439369 8.0 818
1760893439529 8.0 819
1760893439845 8.0 820
1760893440003 8.0 821
1760893440161 8.0 822
1760893440424 8.0 823
1760893440589 8.0 824
1760893440783 8.0 825
1760893440945 8.0 826
1760893441097 8.0 827
1760893441253 8.0 828
1760893441420 8.0 829
1760893441611 8.0 830
1760893441767 8.0 831
1760893520328 8.0 832
1760893520504 8.0 833
1760893520659 8.0 834
1760893520816 8.0 835
1760893520972 8.0 836
1760893521127 8.0 837
1760893521277 8.0 838
1760893521431 8.0 839
1760893521582 8.0 840
1760893521732 8.0 841
1760893521883 8.0 842
1760893522032 8.0 843
1760893522186 8.0 844
1760893522272 8.0 845
1760893616685 8.0 845
1760893714819 9.0 846
1760893715001 9.0 847
1760893715161 9.0 848
1760893715333 9.0 849
1760893715488 9.0 850
1760893715645 9.0 851
1760893715807 9.0 852
1760893715969 9.0 853
1760893716247 9.0 854
1760893716409 9.0 855
1760893716608 9.0 856
1760893716826 9.0 857
1760893716979 9.0 858
1760893717143 9.0 859
1760893717333 9.0 860
1760893717488 9.0 861
1760893812632 9.0 862
1760893812808 9.0 863
1760893812976 9.0 864
1760893813159 9.0 865
1760893813315 9.0 866
1760893813524 9.0 867
1760893813679 9.0 868
1760893813876 9.0 869
1760893814046 9.0 870
1760893814222 9.0 871
1760893814392 9.0 872
1760893814549 9.0 873
1760893814762 9.0 874
1760893814922 9.0 875
1760893815095 9.0 876
1760893815292 9.0 877
1760893908202 9.0 878
1760893908372 9.0 879
1760893908606 9.0 880
1760893908850 9.0 881
1760893909007 9.0 882
1760893909211 9.0 883
1760893909366 9.0 884
1760893909522 9.0 885
1760893909721 9.0 886
1760893909934 9.0 887
1760893910093 9.0 888
1760893910293 9.0 889
1760893910465 9.0 890
1760893910624 9.0 891
1760893910777 9.0 892
1760893911021 9.0 893
1760894003589 9.0 894
1760894003777 9.0 895
1760894003942 9.0 896
1760894004098 9.0 897
1760894004314 9.0 898
1760894004480 9.0 899
1760894004637 9.0 900
1760894004917 9.0 901
1760894005070 9.0 902
1760894005224 9.0 903
1760894005388 9.0 904
1760894005590 9.0 905
1760894005746 9.0 906
1760894005903 9.0 907
1760894006071 9.0 908
1760894006233 9.0 909
1760894103418 9.0 910
1760894103577 9.0 911
1760894103731 9.0 912
1760894103883 9.0 913
1760894104091 9.0 914
1760894104248 9.0 915
1760894104457 9.0 916
1760894104612 9.0 917
1760894104776 9.0 918
1760894105039 9.0 919
1760894105257 9.0 920
1760894105411 9.0 921
1760894105668 9.0 922
1760894105920 9.0 923
1760894106081 9.0 924
1760894106248 9.0 925
1760894190665 9.0 926
1760894190823 9.0 927
1760894190977 9.0 928
1760894191129 9.0 929
1760894191281 9.0 930
1760894191434 9.0 931
1760894191586 9.0 932
1760894191738 9.0 933
1760894191889 9.0 934
1760894192039 9.0 935
1760894192193 9.0 936
1760894192348 9.0 937
1760894192502 9.0 938
1760894192585 9.0 939
1760894282692 9.0 939
