1760887819864 1.2017906574391668 0
1760887820064 1.1553455400232748 1
1760887820272 1.1175584511036485 2
1760887820492 1.0763373013711746 3
1760887820655 1.0445735454437433 4
1760887820804 1.0126855392008913 5
1760887820953 0.9962997176880876 6
1760887821208 0.9739385420275669 7
1760887821356 0.948615154130765 8
1760887821510 0.9003244913553018 9
1760887821662 0.8850016977507644 10
1760887821812 0.8841184658777897 11
1760887821969 0.8490036912836302 12
1760887822119 0.8325644535727963 13
1760887822268 0.87055373894305 14
1760887822469 0.8104264143660485 15
1760887914144 0.7981215357298462 16
1760887914365 0.7897567353407347 17
1760887914535 0.779814027783306 18
1760887914738 0.7734187551753313 19
1760887914888 0.759904647388788 20
1760887915057 0.750481109531598 21
1760887915286 0.7438966854760594 22
1760887915455 0.74446836861997 23
1760887915624 0.7318755888426529 24
1760887915787 0.7321077550118981 25
1760887915938 0.7180682871312898 26
1760887916104 0.7079770125899023 27
1760887916262 0.7055271306232385 28
1760887916540 0.7032742495404413 29
1760887916736 0.6940422755125767 30
1760887916884 0.6904474510859937 31
1760888006822 0.6910983202219922 32
1760888007018 0.6812173453133582 33
1760888007229 0.6740618706812957 34
1760888007419 0.6744881179681794 35
1760888007577 0.6609575893864128 36
1760888007730 0.6590818164854452 37
1760888007898 0.6513096012705513 38
1760888008047 0.6490150551865824 39
1760888008269 0.6438756129727355 40
1760888008420 0.6411516526584105 41
1760888008672 0.6318659547253137 42
1760888008836 0.6263188661476011 43
1760888009038 0.6254140383143576 44
1760888009187 0.6217404402235462 45
1760888009360 0.6274677622276261 46
1760888009518 0.6130769158234153 47
1760888100353 0.6090102470518899 48
1760888100675 0.6007624273052423 49
1760888100825 0.6115061735168021 50
1760888101018 0.6013965929489093 51
1760888101218 0.5883565134521459 52
1760888101376 0.5844090026756843 53
1760888101528 0.5884408620392281 54
1760888101677 0.5765790295074769 55
1760888101844 0.5722818504462825 56
1760888102034 0.5717918329437358 57
1760888102198 0.5672595494760188 58
1760888102349 0.5631100944722229 59
1760888102506 0.5607368463086442 60
1760888102657 0.5580114154978095 61
1760888102856 0.571278234663033 62
1760888103004 0.5518478674468523 63
1760888192845 0.5485794430460349 64
1760888193488 0.5516314413582689 65
1760888193636 0.5374871311179857 66
1760888193827 0.532640553808269 67
1760888193986 0.53292375453087 68
1760888194199 0.523608355730946 69
1760888194394 0.5193175015551612 70
1760888194645 0.5137831075933753 71
1760888194794 0.5126536685045153 72
1760888194944 0.5132087454444652 73
1760888195106 0.5049864479823045 74
1760888195312 0.5014031166334416 75
1760888195462 0.5094050785297346 76
1760888195659 0.4959449188146295 77
1760888195815 0.4925143993742058 78
1760888195966 0.48907575433340433 79
1760888273629 0.48689674935219973 80
1760888273823 0.4812259654688611 81
1760888273971 0.4794462334385848 82
1760888274118 0.4772630475957003 83
1760888274266 0.4722660181583523 84
1760888274413 0.469239612941736 85
1760888274564 0.4667469169523287 86
1760888274710 0.4633557472152366 87
1760888274858 0.46091220762454255 88
1760888275005 0.456757272924579 89
1760888275154 0.4583836327977546 90
1760888275300 0.4575603941671831 91
1760888275449 0.4505841514711496 92
1760888275532 0.45414716765026275 93
1760888464511 0.4428218455001405 94
1760888465081 0.44018676538663043 95
1760888465315 0.44073272458296847 96
1760888465653 0.4349981245937136 97
1760888465840 0.43189001963263074 98
1760888466000 0.42993002806922087 99
1760888466193 0.4293352672451168 100
1760888466344 0.42550958813735573 101
1760888466538 0.42423469767857613 102
1760888466745 0.4205293928352985 103
1760888466912 0.4181381578569491 104
1760888467117 0.4161454599934986 105
1760888467274 0.4136292792051135 106
1760888467423 0.412641220895858 107
1760888467593 0.4085095846509178 108
1760888467750 0.4084952953925691 109
1760888559790 0.40673322675758755 110
1760888560776 0.40253401004065575 111
1760888560945 0.3975874873122729 112
1760888561102 0.3979492774517873 113
1760888561274 0.3943360705564917 114
1760888561426 0.3939597390161328 115
1760888561621 0.38888433818926516 116
1760888561813 0.3878547531820594 117
1760888561962 0.3851182917648695 118
1760888562120 0.3824319992144706 119
1760888562270 0.3795611343633163 120
1760888562515 0.37835681806222154 121
1760888562720 0.3771715174729197 122
1760888562881 0.3766163770927299 123
1760888563155 0.37169608321540915 124
1760888563455 0.37487396345003343 125
1760888657512 0.36758537367112093 126
1760888657706 0.3645059763665578 127
1760888658233 0.36360936057355253 128
1760888658403 0.3628739032902074 129
1760888658561 0.3584799906454378 130
1760888658714 0.3579680478603795 131
1760888658886 0.35624935115471446 132
1760888659094 0.3538565550518955 133
1760888659264 0.3519338500349535 134
1760888659472 0.3500020598789592 135
1760888659641 0.3473344994905384 136
1760888659793 0.3455659033168761 137
1760888659990 0.3428055549123379 138
1760888660145 0.3410307977471707 139
1760888660355 0.34173345641126207 140
1760888660563 0.33727766575552404 141
1760888751581 0.3361335844058221 142
1760888751973 0.33443173440865526 143
1760888752131 0.33177362473662037 144
1760888752322 0.33044057162948076 145
1760888752496 0.32783827908880375 146
1760888752707 0.3281780775588331 147
1760888752866 0.32434721865147703 148
1760888753119 0.35332686690632586 149
1760888753332 0.32718528918170686 150
1760888753577 0.3218973984708124 151
1760888753736 0.32247286642212847 152
1760888753899 0.3231689906625531 153
1760888754092 0.330798415016152 154
1760888754251 0.3284213240088575 155
1760888754439 0.3199725878092595 156
1760888754699 0.3224735494422133 157
1760888842480 0.321207647861421 158
1760888842711 0.31968800528566516 159
1760888842978 0.3101874987113572 160
1760888843143 0.31328331309042334 161
1760888843366 0.3251973681847685 162
1760888843518 0.30664204981039533 163
1760888843680 0.30580269628423273 164
1760888843848 0.302441118883071 165
1760888844061 0.31997621177245883 166
1760888844226 0.2991197099332069 167
1760888844434 0.2979418703713093 168
1760888844585 0.29480511844748153 169
1760888844739 0.29201689068310777 170
1760888844945 0.2939405595473461 171
1760888845103 0.29541463689884107 172
1760888845253 0.29412159731760346 173
1760888921679 0.29316941066921876 174
1760888921875 0.30325890476406786 175
1760888922028 0.28746577997262174 176
1760888922177 0.28685263153371454 177
1760888922327 0.2820285508836552 178
1760888922475 0.2796377580249876 179
1760888922623 0.28065764737141286 180
1760888922772 0.2777509778435152 181
1760888922921 0.2792667725891663 182
1760888923069 0.27588106584448124 183
1760888923217 0.2756476071918871 184
1760888923366 0.27331791284149576 185
1760888923516 0.27043246692878453 186
1760888923598 0.2713568617142034 187
1760889109332 0.2677379319735105 188
1760889110404 0.2664833837589973 189
1760889110561 0.26532075778447106 190
1760889110713 0.2643596554920936 191
1760889110882 0.2622074858783381 192
1760889111139 0.2628881459354583 193
1760889111294 0.2600566426269873 194
1760889111444 0.2578432646711536 195
1760889111599 0.2575382600463695 196
1760889111748 0.2547331713876206 197
1760889111898 0.2528309750075467 198
1760889112059 0.25307327831151616 199
1760889112224 0.2500715860043691 200
1760889112392 0.24950893207543418 201
1760889112600 0.25676733000944574 202
1760889112749 0.24864047356773422 203
1760889204185 0.24825426673266582 204
1760889204797 0.24398637729133046 205
1760889205459 0.24296649582647123 206
1760889205652 0.24356522283109938 207
1760889205823 0.24097735484158467 208
1760889206024 0.2410019015093875 209
1760889206182 0.2384870336290721 210
1760889206344 0.2365064211464452 211
1760889206494 0.2361016558645499 212
1760889206647 0.23413899024472334 213
1760889206883 0.2353698898054704 214
1760889207034 0.23346285774146613 215
1760889207230 0.23391622911783316 216
1760889207425 0.23071272015191863 217
1760889207587 0.23091832095123363 218
1760889207736 0.2309389730819936 219
1760889304845 0.22772585658154637 220
1760889306144 0.22716693087867126 221
1760889306940 0.22615236917181913 222
1760889307089 0.22434562095681682 223
1760889307260 0.22320194929449672 224
1760889307412 0.22215564818282033 225
1760889307624 0.22172570170239722 226
1760889307840 0.22228688551725923 227
1760889308108 0.21942078479017066 228
1760889308269 0.21815956945575204 229
1760889308435 0.21595261419734424 230
1760889308587 0.2158151337783862 231
1760889308753 0.21531269470872122 232
1760889308903 0.21598979906937027 233
1760889309079 0.21313327150892802 234
1760889309235 0.21196043438577974 235
1760889399974 0.20988066643081735 236
1760889401908 0.20941406762036097 237
1760889402166 0.20883068769057472 238
1760889402315 0.2072399065549096 239
1760889402478 0.20652082487682044 240
1760889402641 0.20709650587075107 241
1760889402847 0.2062993817187803 242
1760889403042 0.20586070481133936 243
1760889403202 0.20384006014543668 244
1760889403457 0.20421526183688607 245
1760889403620 0.202936181536245 246
1760889403785 0.2023268743060756 247
1760889403956 0.20140054724978393 248
1760889404171 0.19988851425691695 249
1760889404324 0.19947174743107202 250
1760889404480 0.19882836396806694 251
1760889496242 0.19895972863361158 252
1760889497763 0.19671036272032638 253
1760889499587 0.19481337301064083 254
1760889499752 0.19636202552826898 255
1760889499908 0.19332677924353664 256
1760889500071 0.1941388015170234 257
1760889500233 0.19401808709402663 258
1760889500396 0.19205703067931457 259
1760889500597 0.19130603541990476 260
1760889500761 0.19068363846936343 261
1760889501033 0.18929232152516845 262
1760889501187 0.1891143610396515 263
1760889501340 0.18946936671116477 264
1760889501502 0.18801562648113873 265
1760889501711 0.18827573955585297 266
1760889501914 0.18733457111058832 267
1760889578221 0.18587662289796317 268
1760889578720 0.18355401714041078 269
1760889579335 0.18416547364357322 270
1760889579490 0.18442955310946813 271
1760889579638 0.1822141416710441 272
1760889579790 0.18156352811605936 273
1760889579937 0.18008190069617694 274
1760889580093 0.18043060584291606 275
1760889580245 0.18085288106489708 276
1760889580400 0.17903792638272265 277
1760889580550 0.17850217450987504 278
1760889580700 0.17710838984205804 279
1760889580851 0.17750834617098976 280
1760889580932 0.1778538468192362 281
1760889774241 0.17529630128858914 282
1760889774446 0.17457175761862992 283
1760889774627 0.1741930756168173 284
1760889774787 0.1724977368985753 285
1760889774949 0.17223979213992863 286
1760889775103 0.17184384929470922 287
1760889775280 0.17191489253962178 288
1760889775454 0.17112769433228783 289
1760889775607 0.17024974117463565 290
1760889775801 0.16983198215869447 291
1760889775966 0.17017306343525518 292
1760889776116 0.16812743584927647 293
1760889776269 0.16925630147088355 294
1760889776420 0.16699397618112208 295
1760889776620 0.16694730175754957 296
1760889776784 0.16734430232239306 297
1760889868540 0.16693788758006672 298
1760889868935 0.16624261575437682 299
1760889869135 0.16498844783392091 300
1760889869300 0.16435157321428095 301
1760889869474 0.16306076732619348 302
1760889869626 0.164172951295942 303
1760889869779 0.16122621726223607 304
1760889869936 0.16283525233085747 305
1760889870109 0.1640879519632847 306
1760889870319 0.1605100349691907 307
1760889870508 0.15968093531031277 308
1760889870657 0.15930692562724477 309
1760889870859 0.1585916095002187 310
1760889871057 0.15846448470970553 311
1760889871238 0.15902158658063414 312
1760889871448 0.15637498286883755 313
1760889961743 0.155688237460114 314
1760889962236 0.1563049900372217 315
1760889962459 0.15491493143405016 316
1760889962615 0.15489723366925906 317
1760889962814 0.15572274527911079 318
1760889962972 0.15277238442657273 319
1760889963130 0.1544081429385751 320
1760889963347 0.15395688587261958 321
1760889963511 0.15225422518016896 322
1760889963746 0.1540403619803944 323
1760889963910 0.15121133461932923 324
1760889964064 0.150634244841173 325
1760889964238 0.14874986155267056 326
1760889964390 0.1500030922325759 327
1760889964559 0.14877595474199795 328
1760889964712 0.15036524538550533 329
1760890055667 0.14883186300697707 330
1760890055907 0.14713191399442538 331
1760890056165 0.14713198950434636 332
1760890056321 0.14907596194732292 333
1760890056478 0.1482402200648247 334
1760890056630 0.1468378896259765 335
1760890056792 0.14481734132537036 336
1760890056954 0.14425760823331243 337
1760890057129 0.1430952526161046 338
1760890057328 0.14441890716418757 339
1760890057487 0.14463834312314885 340
1760890057640 0.14285120269622403 341
1760890057811 0.14323414509074217 342
1760890057966 0.1423992596369138 343
1760890058136 0.14494823101197096 344
1760890058333 0.14225482827154612 345
1760890150303 0.1430879670331939 346
1760890150486 0.1408407589691344 347
1760890152349 0.1427796439056419 348
1760890152508 0.14060169810489553 349
1760890152668 0.14095586008757463 350
1760890152830 0.1418392441210223 351
1760890153036 0.13851594372697415 352
1760890153293 0.13880952138923067 353
1760890153448 0.14022430624486257 354
1760890153607 0.13892811011914755 355
1760890153761 0.13939912289650475 356
1760890153915 0.13748292456667763 357
1760890154072 0.13790287499633294 358
1760890154242 0.13807950787305673 359
1760890154406 0.13816537055207506 360
1760890154568 0.13618537720211107 361
1760890237381 0.13437158462055926 362
1760890237548 0.1354079403276922 363
1760890237703 0.13591304669464485 364
1760890237857 0.13368682131631418 365
1760890238013 0.13514730979669104 366
1760890238168 0.13427897811992026 367
1760890238323 0.13383182953584394 368
1760890238478 0.13497982245661944 369
1760890238633 0.13491185621866048 370
1760890238788 0.1333586744255571 371
1760890238939 0.13151805482946569 372
1760890239095 0.13292537913732827 373
1760890239253 0.1307862614161418 374
1760890239339 0.13073774945424346 375
1760890424648 0.13183278873312015 376
1760890425929 0.13011701175601245 377
1760890426101 0.13154398080027352 378
1760890426279 0.12924853108901313 379
1760890426446 0.13049471796466666 380
1760890426619 0.13041716872269815 381
1760890426771 0.12990192022985841 382
1760890426923 0.1282259324732264 383
1760890427078 0.1292452606582115 384
1760890427232 0.1272020689272793 385
1760890427467 0.12823694360302346 386
1760890427669 0.12767035185587536 387
1760890427821 0.1280331576361705 388
1760890428016 0.12688906477238276 389
1760890428168 0.1250807711446586 390
1760890428324 0.12419314272569387 391
1760890522706 0.12539649169313413 392
1760890522991 0.12571367229344838 393
1760890523243 0.12425655508542033 394
1760890523398 0.12484572988443132 395
1760890523550 0.12455245050016285 396
1760890523709 0.12297496296628332 397
1760890524013 0.12373564831801358 398
1760890524218 0.12215905962703899 399
1760890524382 0.12320675933875794 400
1760890524635 0.122961294904883 401
1760890524803 0.12369434348054584 402
1760890525021 0.12087803315492632 403
1760890525218 0.12360821323106376 404
1760890525378 0.12190735064550398 405
1760890525636 0.12060051736300348 406
1760890525811 0.12320755744944953 407
1760890617568 0.12173797981025272 408
1760890617801 0.11961637469215569 409
1760890617967 0.12007949984059571 410
1760890618125 0.1187484029945749 411
1760890618384 0.11999213176561481 412
1760890618539 0.11774411272637306 413
1760890618689 0.12132650389697858 414
1760890618838 0.11884230298942655 415
1760890619003 0.11845914635887399 416
1760890619165 0.11801583598449841 417
1760890619327 0.11670689513282226 418
1760890619535 0.11624674264582352 419
1760890619689 0.11710937393226148 420
1760890619855 0.11550459236399546 421
1760890620017 0.11777575430506027 422
1760890620180 0.11823107372043501 423
1760890711183 0.1169801828058595 424
1760890711484 0.11753835370687053 425
1760890711696 0.11668107099580359 426
1760890711874 0.11548283503123107 427
1760890712071 0.11543968753331976 428
1760890712229 0.11562704640114896 429
1760890712379 0.1143001118401506 430
1760890712628 0.11426788609953953 431
1760890712837 0.11380202960641564 432
1760890712993 0.11228329337529239 433
1760890713143 0.11459676137570868 434
1760890713418 0.11624012781722765 435
1760890713574 0.1135962606162208 436
1760890713747 0.11421180264696643 437
1760890713918 0.11325280332081998 438
1760890714130 0.11461386142080529 439
1760890804851 0.11198824817032166 440
1760890805124 0.11302921941395536 441
1760890805279 0.1133159753649871 442
1760890805491 0.11196661762588386 443
1760890805646 0.11089937610251911 444
1760890805816 0.11281682214226331 445
1760890805989 0.11075984602781064 446
1760890806169 0.10886392508764345 447
1760890806327 0.1117351679802634 448
1760890806482 0.11045506425686821 449
1760890806631 0.10829966378531482 450
1760890806781 0.1095342242985281 451
1760890806934 0.11003796251591744 452
1760890807088 0.11018986564893594 453
1760890807241 0.10847398068179392 454
1760890807400 0.10901832111459187 455
1760890886479 0.10942443188964093 456
1760890886642 0.10823609187735662 457
1760890886796 0.10994999613687712 458
1760890886951 0.10838070011128464 459
1760890887104 0.10762858599681814 460
1760890887257 0.10853705292350327 461
1760890887407 0.10886554483136468 462
1760890887554 0.10605073595037268 463
1760890887711 0.10718378258582713 464
1760890887866 0.10658339510143927 465
1760890888015 0.10694510328323126 466
1760890888163 0.1076200510646767 467
1760890888313 0.10698919193596215 468
1760890888392 0.1084533251792018 469
1760891075499 0.10660309924151687 470
1760891075716 0.10530401995358071 471
1760891075994 0.10829114978308665 472
1760891076205 0.10785323755389623 473
1760891076395 0.1068624444311839 474
1760891076572 0.10610003553710923 475
1760891076772 0.1046517406133129 476
1760891076925 0.10603021884366216 477
1760891077121 0.10448197849356536 478
1760891077274 0.10366297339469464 479
1760891077432 0.10423690921322176 480
1760891077637 0.10460130955104899 481
1760891077804 0.1049483356933136 482
1760891078049 0.10420370018966746 483
1760891078203 0.1060378769341104 484
1760891078356 0.10262025836662397 485
1760891171077 0.10250385145006168 486
1760891171317 0.1031349332684509 487
1760891171471 0.1040050380715483 488
1760891171638 0.10254840512472796 489
1760891171812 0.10157407664177595 490
1760891171969 0.10357424893435377 491
1760891172201 0.10126535168415812 492
1760891172369 0.10129287381501817 493
1760891172531 0.10193790418775481 494
1760891172684 0.10298031356829662 495
1760891172855 0.10189994600695965 496
1760891173053 0.10096466563764497 497
1760891173206 0.10169632157484756 498
1760891173371 0.09850153428004155 499
1760891173536 0.09976310980977618 500
1760891173697 0.10187820807852513 501
1760891268316 0.09979838139934596 502
1760891268651 0.10163044505186036 503
1760891268813 0.09871201386050835 504
1760891268962 0.0999369220986987 505
1760891269810 0.10031465841359379 506
1760891269988 0.10067231196536532 507
1760891270154 0.09975406108485406 508
1760891270397 0.09951530191136809 509
1760891270553 0.09833259814966029 510
1760891270708 0.10017050596823894 511
1760891270924 0.10011331683138608 512
1760891271088 0.09923581216001959 513
1760891271272 0.09887476877989781 514
1760891271479 0.10012489124797003 515
1760891271632 0.10013357386678749 516
1760891271841 0.10005851465205783 517
1760891363946 0.09916713366489671 518
1760891364527 0.0984025271988008 519
1760891364684 0.09830560978829914 520
1760891364879 0.09668389077384443 521
1760891365047 0.09657066399387877 522
1760891365217 0.09731432861895173 523
1760891365377 0.09685875498203501 524
1760891365593 0.09711245179611755 525
1760891365751 0.09640205584601563 526
1760891365906 0.09723829048685174 527
1760891366059 0.09597585680500632 528
1760891366212 0.09780424435820012 529
1760891366385 0.09631763956712808 530
1760891366643 0.09763774662141712 531
1760891366807 0.09723675326934125 532
1760891367006 0.09595193092415907 533
1760891458994 0.09485276603347256 534
1760891459331 0.09641314457591865 535
1760891459539 0.09399653468289279 536
1760891459702 0.0953387312301757 537
1760891459916 0.09509762497307139 538
1760891460074 0.09517678557438487 539
1760891460232 0.09389307931374011 540
1760891460384 0.09471757605834315 541
1760891460535 0.09519797022856444 542
1760891460706 0.09381913387619249 543
1760891460862 0.09686367263114991 544
1760891461016 0.09287399565971041 545
1760891461228 0.09409122509523991 546
1760891461381 0.09418889807304764 547
1760891461614 0.09406477787507572 548
1760891461792 0.09319906083610381 549
1760891538526 0.09332722571470276 550
1760891538706 0.09337409210816883 551
1760891538859 0.09356269163757423 552
1760891539010 0.09364000816357712 553
1760891539170 0.0932940930917127 554
1760891539329 0.09124796007459296 555
1760891539478 0.09193036189380793 556
1760891539631 0.09420539893752215 557
1760891539786 0.09163880655115099 558
1760891539937 0.09218930927204284 559
1760891540088 0.09336037109325548 560
1760891540240 0.09252599091971205 561
1760891540394 0.09025744840065056 562
1760891540476 0.0925338057700937 563
1760891730284 0.09065689709071773 564
1760891730456 0.09017701876856307 565
1760891730684 0.09213692900874078 566
1760891730847 0.0903404651292633 567
1760891731061 0.08909800118769663 568
1760891731231 0.08794998574306531 569
1760891731488 0.08966670111736169 570
1760891731658 0.09098630237135429 571
1760891731831 0.09168984492460613 572
1760891731983 0.09007261645334705 573
1760891732182 0.08983209368502312 574
1760891732350 0.0894255762288018 575
1760891732504 0.08985713600978568 576
1760891732659 0.08894154940582591 577
1760891732828 0.08879335072227831 578
1760891732981 0.08646319050776821 579
1760891824503 0.08691367948900589 580
1760891824665 0.08839327136843891 581
1760891824979 0.0870456611657416 582
1760891825151 0.08652850959237726 583
1760891825378 0.08805115654288775 584
1760891825548 0.08641869618238585 585
1760891825701 0.08611456674090136 586
1760891825883 0.08822975211579243 587
1760891826048 0.08785215759138745 588
1760891826204 0.08666318333054544 589
1760891826357 0.08895003436988608 590
1760891826514 0.08652675300521209 591
1760891826666 0.0864627757773056 592
1760891826865 0.08672560747218169 593
1760891827027 0.08765277444447775 594
1760891827186 0.08447030807072581 595
1760891921099 0.08458248552478878 596
1760891921270 0.08760140727020646 597
1760891921452 0.08627006434665005 598
1760891921650 0.08564864331185962 599
1760891921804 0.08561964402562344 600
1760891921957 0.08579850774370945 601
1760891922114 0.08460356656755628 602
1760891922282 0.08526200143383386 603
1760891922439 0.08504379719689151 604
1760891922593 0.08743681776486956 605
1760891922753 0.0837842283773359 606
1760891922923 0.08679587824435067 607
1760891923105 0.08339980135049326 608
1760891923313 0.08358387113510618 609
1760891923606 0.08401795217355842 610
1760891923759 0.08340597974672684 611
1760892018242 0.08341848588102063 612
1760892018713 0.08195452293450498 613
1760892019031 0.08395036480050702 614
1760892019227 0.08526250117525166 615
1760892019427 0.08446530714439901 616
1760892020620 0.08294731229675587 617
1760892020781 0.08368088392067852 618
1760892020946 0.08098708343603275 619
1760892021168 0.0839987675104488 620
1760892021338 0.08110699584122702 621
1760892021538 0.08534762080102366 622
1760892021691 0.08348020185561666 623
1760892021889 0.08190697659248454 624
1760892022088 0.08498658197776326 625
1760892022368 0.08262850561940027 626
1760892022523 0.08008232722483143 627
1760892114987 0.08114677860207731 628
1760892115946 0.08168438923800665 629
1760892116333 0.08096069711403286 630
1760892116589 0.08131088168370566 631
1760892116786 0.08051559596224704 632
1760892117594 0.08129797946716547 633
1760892117751 0.08135774130675161 634
1760892117958 0.08100638458724192 635
1760892118118 0.07850684826536514 636
1760892118302 0.07867866024613948 637
1760892118503 0.08113751769111485 638
1760892118674 0.07994713004793917 639
1760892118829 0.08145521482449672 640
1760892118989 0.08170770706370421 641
1760892119151 0.07889912219871875 642
1760892119355 0.0784412211193736 643
1760892201398 0.07857370491781902 644
1760892201561 0.08041920029338105 645
1760892201717 0.07705797988043911 646
1760892201873 0.0811707870578513 647
1760892202026 0.08010414617638897 648
1760892202177 0.0787525267709937 649
1760892202331 0.07613995400093711 650
1760892202487 0.07997980941804286 651
1760892202640 0.07899975553500119 652
1760892202801 0.07640363168917647 653
1760892202958 0.0790226787687458 654
1760892203109 0.07817765272514363 655
1760892203263 0.07868216329188385 656
1760892203351 0.08016850757193268 657
1760892396535 0.07815425063854317 658
1760892396696 0.07863887914762052 659
1760892396916 0.07752574713223225 660
1760892397113 0.07785531319574439 661
1760892397280 0.07918002021029302 662
1760892397494 0.07577260450509105 663
1760892397740 0.07631456052213516 664
1760892397894 0.07622367959424148 665
1760892398091 0.07620581510944152 666
1760892398288 0.07677000018225597 667
1760892398491 0.077911106581142 668
1760892398713 0.07594203921118738 669
1760892398883 0.07701625968047335 670
1760892399039 0.07452764084174107 671
1760892399252 0.07716426843655283 672
1760892399407 0.07556753493117101 673
1760892489895 0.07744025094120671 674
1760892490118 0.07649687105949383 675
1760892490293 0.07615952393931565 676
1760892490454 0.07536602892932615 677
1760892490669 0.07488194149893707 678
1760892491506 0.07416113335968927 679
1760892491734 0.07519412578150753 680
1760892491907 0.07728810110927195 681
1760892492060 0.07391811106781532 682
1760892492256 0.07388097983745584 683
1760892492417 0.07315420805230188 684
1760892492587 0.07654859342038892 685
1760892492739 0.07567539288686281 686
1760892492950 0.07389491484678781 687
1760892493103 0.07380165186541951 688
1760892493286 0.07522505177109837 689
1760892588587 0.07371371126801296 690
1760892589098 0.07429854457938531 691
1760892589273 0.0731659964028181 692
1760892589489 0.0715890279773202 693
1760892589661 0.0740783938532805 694
1760892590559 0.07409586113289171 695
1760892590756 0.07191674089388239 696
1760892590979 0.07398530668806386 697
1760892591140 0.07591469831717343 698
1760892591306 0.07261926396153354 699
1760892591512 0.07299220938143619 700
1760892591669 0.07480731145106012 701
1760892591834 0.07149938575544787 702
1760892592008 0.0737506070781074 703
1760892592168 0.07380675868170022 704
1760892592430 0.07194588653460278 705
1760892684068 0.07255374304377057 706
1760892685098 0.07078478268653199 707
1760892685290 0.0741225028235649 708
1760892685459 0.0725469118816851 709
1760892685644 0.0718918183218183 710
1760892685819 0.0702246750867343 711
1760892685975 0.07194371000625534 712
1760892686136 0.07175139878852649 713
1760892686351 0.0728320186647522 714
1760892686515 0.07574915976474388 715
1760892686669 0.07292592376030999 716
1760892686868 0.07160698481780661 717
1760892687022 0.07178611378667923 718
1760892687251 0.07131878711961503 719
1760892687437 0.07312651644469577 720
1760892687720 0.0700614122683983 721
1760892780156 0.07202867719826214 722
1760892781223 0.07099986451215178 723
1760892781528 0.07117531950269479 724
1760892781688 0.0719612256955617 725
1760892781847 0.06933249946607574 726
1760892782292 0.070724044839792 727
1760892782472 0.06969927887200711 728
1760892782626 0.06976438633490675 729
1760892782823 0.0712816033908193 730
1760892782978 0.07109971596072356 731
1760892783131 0.07141306588089838 732
1760892783299 0.0717584457487167 733
1760892783467 0.07221774741507658 734
1760892783681 0.07175995426806922 735
1760892783884 0.0710436152878618 736
1760892784046 0.06982338065950708 737
1760892861925 0.07352868001297866 738
1760892862673 0.06920082879369968 739
1760892862826 0.06868244929303369 740
1760892862974 0.06923255227970901 741
1760892863132 0.06818149003848842 742
1760892863288 0.06847791763263458 743
1760892863443 0.0698828924846403 744
1760892863597 0.06959099846360695 745
1760892863750 0.06941323730395785 746
1760892863901 0.0685524035535679 747
1760892864055 0.06858656254982509 748
1760892864209 0.0694020642560063 749
1760892864365 0.0699061979580829 750
1760892864449 0.07157928402026173 751
1760893062654 0.06944098667160056 752
1760893062817 0.06907748096754814 753
1760893062993 0.06816027379034026 754
1760893063148 0.06953128300590874 755
1760893063300 0.07026577758012065 756
1760893063520 0.0709320784257606 757
1760893063713 0.06787706865779503 758
1760893063917 0.06879411951081735 759
1760893064068 0.06871057938153027 760
1760893064263 0.06946426222350746 761
1760893064459 0.06820358133727134 762
1760893064611 0.06765878610216097 763
1760893064764 0.06808225450248308 764
1760893064923 0.06876787809210891 765
1760893065115 0.07047693799819706 766
1760893065275 0.06593257270487372 767
1760893156624 0.06796668911273226 768
1760893156803 0.065962387135168 769
1760893156967 0.06761101671950209 770
1760893157130 0.06907353159853379 771
1760893157367 0.06632776682576172 772
1760893157527 0.06752494089468652 773
1760893157722 0.06741687477597366 774
1760893157892 0.06944983431791871 775
1760893158106 0.06626855431028929 776
1760893158264 0.06751050157529415 777
1760893158428 0.06797898369395843 778
1760893158599 0.06687447742164807 779
1760893158760 0.0651642466754161 780
1760893158939 0.06836112879001627 781
1760893159140 0.06564047427713604 782
1760893159350 0.06602653899660502 783
1760893248813 0.0676977202602678 784
1760893248981 0.0671476762331078 785
1760893249147 0.06818904983636512 786
1760893249326 0.06309254144226452 787
1760893250536 0.0672149716911427 788
1760893250701 0.06592306611524297 789
1760893250858 0.0657405810597031 790
1760893251079 0.06639706148309811 791
1760893251248 0.06782246288807643 792
1760893251413 0.06767434600753053 793
1760893251618 0.0666722358076414 794
1760893251830 0.06628769073013745 795
1760893251998 0.0667598438471767 796
1760893252163 0.06591108192943301 797
1760893252315 0.06504417269970184 798
1760893252495 0.06529114947955017 799
1760893341994 0.0666330936227302 800
1760893342170 0.06718669918183333 801
1760893342360 0.06658105507254003 802
1760893342858 0.06530208612333228 803
1760893343902 0.06668905797776957 804
1760893344087 0.06517209450685996 805
1760893344305 0.06731346843839368 806
1760893344476 0.06602325478115403 807
1760893344743 0.06552017941233157 808
1760893344894 0.06657293494205326 809
1760893345111 0.06667830913437232 810
1760893345262 0.06507021204836824 811
1760893345422 0.06543696836989893 812
1760893345578 0.0653525363490729 813
1760893345759 0.06457117511919434 814
1760893345927 0.06763840400457938 815
1760893438986 0.06545077484740044 816
1760893439206 0.0652508443312646 817
1760893439369 0.06381214072286448 818
1760893439529 0.06343260876257897 819
1760893439845 0.06580865148742142 820
1760893440003 0.06582714172852243 821
1760893440161 0.06467251992164984 822
1760893440424 0.06427413513820487 823
1760893440589 0.06272534520799042 824
1760893440783 0.06619434917795794 825
1760893440945 0.06470673223231826 826
1760893441097 0.06427400538847625 827
1760893441253 0.06407709582050836 828
1760893441420 0.06286075660863402 829
1760893441611 0.06520096479926432 830
1760893441767 0.06493882476200646 831
1760893520328 0.06450507253168565 832
1760893520504 0.06468707146435085 833
1760893520659 0.06568105385880478 834
1760893520816 0.0651733234806332 835
1760893520972 0.06472955363239269 836
1760893521127 0.06399091167926277 837
1760893521277 0.06441329177394242 838
1760893521431 0.06439174762139883 839
1760893521582 0.0646939159404758 840
1760893521732 0.06356090143669706 841
1760893521883 0.06547091456019571 842
1760893522032 0.06384592883935976 843
1760893522186 0.06269007022388035 844
1760893522272 0.06186544326091993 845
1760893714819 0.06294554532381058 846
1760893715001 0.06660234023556066 847
1760893715161 0.06254422175237796 848
1760893715333 0.06376820789329474 849
1760893715488 0.06210927067428175 850
1760893715645 0.06302369125876361 851
1760893715807 0.06249724308207759 852
1760893715969 0.06344445540459094 853
1760893716247 0.06337652783704456 854
1760893716409 0.06620116154257831 855
1760893716608 0.06215149420115749 856
1760893716826 0.06442568355295816 857
1760893716979 0.06486030291840075 858
1760893717143 0.06376915672492653 859
1760893717333 0.06295089413560043 860
1760893717488 0.06158216897690577 861
1760893812632 0.06255979024595613 862
1760893812808 0.06379486550810293 863
1760893812976 0.06332783024019975 864
1760893813159 0.06158001836270996 865
1760893813315 0.06164081985432318 866
1760893813524 0.06225553535599726 867
1760893813679 0.06183521519447652 868
1760893813876 0.061096130112824054 869
1760893814046 0.06363580162709781 870
1760893814222 0.06428869144810323 871
1760893814392 0.0609323286229633 872
1760893814549 0.06463100549983748 873
1760893814762 0.06481590401517852 874
1760893814922 0.06310031072949131 875
1760893815095 0.0604948216450468 876
1760893815292 0.06320026462667652 877
1760893908202 0.062181988343173344 878
1760893908372 0.06348552683766057 879
1760893908606 0.06197198989720924 880
1760893908850 0.06175813421273984 881
1760893909007 0.06262398526866444 882
1760893909211 0.060566736112566855 883
1760893909366 0.06215141113182883 884
1760893909522 0.06382399653648453 885
1760893909721 0.061002176029697625 886
1760893909934 0.06233051926861045 887
1760893910093 0.060437397177642356 888
1760893910293 0.06229668300890612 889
1760893910465 0.061556077985165256 890
1760893910624 0.06320884747118226 891
1760893910777 0.06156117641563687 892
1760893911021 0.06283763269731625 893
1760894003589 0.0619475861739399 894
1760894003777 0.06443098571558258 895
1760894003942 0.06077561429580669 896
1760894004098 0.06155186456016539 897
1760894004314 0.062112983942776215 898
1760894004480 0.06175751617171106 899
1760894004637 0.06073375663969612 900
1760894004917 0.0615449687811959 901
1760894005070 0.06282578888178916 902
1760894005224 0.061905006994977155 903
1760894005388 0.061862978018328234 904
1760894005590 0.059347486473591005 905
1760894005746 0.06148509367746417 906
1760894005903 0.06205212795090901 907
1760894006071 0.060207148453212254 908
1760894006233 0.06162383629829613 909
1760894103418 0.06054087541668857 910
1760894103577 0.06127358115259533 911
1760894103731 0.06168700013847106 912
1760894103883 0.06140951359656031 913
1760894104091 0.06281872638298966 914
1760894104248 0.061918951706190106 915
1760894104457 0.06009153714339127 916
1760894104612 0.061961227534514704 917
1760894104776 0.06013529192187114 918
1760894105039 0.06209648728470895 919
1760894105257 0.06127620345181021 920
1760894105411 0.062112303789258055 921
1760894105668 0.061129642892737826 922
1760894105920 0.06087029811061931 923
1760894106081 0.05948751501695032 924
1760894106248 0.05809904518344815 925
1760894190665 0.06102322807873066 926
1760894190823 0.06086086968365427 927
1760894190977 0.06105772326436419 928
1760894191129 0.061416069952946004 929
1760894191281 0.06059086506859568 930
1760894191434 0.05961171314994916 931
1760894191586 0.061770787032522714 932
1760894191738 0.06046264775313799 933
1760894191889 0.060560300542855675 934
1760894192039 0.06014953338192172 935
1760894192193 0.05935824134969183 936
1760894192348 0.06160699806252874 937
1760894192502 0.057513685727200864 938
1760894192585 0.058460021244466406 939
