1760703360959 0.8504224054287104 0
1760703361787 0.8312228207307808 1
1760703362134 0.8191129592158173 2
1760703363071 0.8076588860857958 3
1760703363217 0.7961276324283194 4
1760703363403 0.7855979589097544 5
1760703363591 0.7752678665120631 6
1760703363736 0.7658958219039882 7
1760703363889 0.7560428288210077 8
1760703364036 0.7463634585654797 9
1760703364193 0.7380804129214691 10
1760703364386 0.7288971034410644 11
1760703364541 0.7208031438633674 12
1760703364688 0.7133725251092901 13
1760703364833 0.7043965375158635 14
1760703364978 0.6973528610148425 15
1760703425782 0.6903340463541199 16
1760703426981 0.6822943827029448 17
1760703427143 0.6747157292273983 18
1760703429129 0.6674727472662745 19
1760703429283 0.6608629168989661 20
1760703429429 0.6544841662400296 21
1760703429575 0.6482807282412881 22
1760703429655 0.640630907991458 23
