1760896268905 0.0 0
1760896269160 0.0 1
1760896269365 0.0 2
1760896269524 0.0 3
1760896269688 0.0 4
1760896269908 0.0 5
1760896270072 0.0 6
1760896270238 0.0 7
1760896270394 0.0 8
1760896270593 0.0 9
1760896270744 0.0 10
1760896270907 0.0 11
1760896271107 0.0 12
1760896271308 0.0 13
1760896271475 0.0 14
1760896271628 0.0 15
1760896349259 0.0 16
1760896349756 0.0 17
1760896349977 0.0 18
1760896350131 0.0 19
1760896350328 0.0 20
1760896350486 0.0 21
1760896350642 0.0 22
1760896350915 0.0 23
1760896351077 0.0 24
1760896351229 0.0 25
1760896351484 0.0 26
1760896351642 0.0 27
1760896351852 0.0 28
1760896352159 0.0 29
1760896352358 0.0 30
1760896352566 0.0 31
1760896433894 0.0 32
1760896434069 0.0 33
1760896434230 0.0 34
1760896434386 0.0 35
1760896434560 0.0 36
1760896434728 0.0 37
1760896434886 0.0 38
1760896435093 0.0 39
1760896435253 0.0 40
1760896435427 0.0 41
1760896435624 0.0 42
1760896435778 0.0 43
1760896435944 0.0 44
1760896436114 0.0 45
1760896436280 0.0 46
1760896436503 0.0 47
1760896515599 0.0 48
1760896515797 0.0 49
1760896516003 0.0 50
1760896516204 0.0 51
1760896516417 0.0 52
1760896516571 0.0 53
1760896516729 0.0 54
1760896516890 0.0 55
1760896517043 0.0 56
1760896517196 0.0 57
1760896517404 0.0 58
1760896517666 0.0 59
1760896517830 0.0 60
1760896518045 0.0 61
1760896518210 0.0 62
1760896518432 0.0 63
1760896597447 0.0 64
1760896597608 0.0 65
1760896597757 0.0 66
1760896597921 0.0 67
1760896598127 0.0 68
1760896598279 0.0 69
1760896598473 0.0 70
1760896598639 0.0 71
1760896598794 0.0 72
1760896598991 0.0 73
1760896599199 0.0 74
1760896599402 0.0 75
1760896599569 0.0 76
1760896599728 0.0 77
1760896599938 0.0 78
1760896600097 0.0 79
1760896667660 0.0 80
1760896667831 0.0 81
1760896667980 0.0 82
1760896668132 0.0 83
1760896668285 0.0 84
1760896668436 0.0 85
1760896668588 0.0 86
1760896668744 0.0 87
1760896668900 0.0 88
1760896669055 0.0 89
1760896669210 0.0 90
1760896669363 0.0 91
1760896669510 0.0 92
1760896669597 0.0 93
1760896749898 0.0 93
1760896836014 1.0 94
1760896836266 1.0 95
1760896836423 1.0 96
1760896836728 1.0 97
1760896836897 1.0 98
1760896837057 1.0 99
1760896837226 1.0 100
1760896837405 1.0 101
1760896837564 1.0 102
1760896837720 1.0 103
1760896837873 1.0 104
1760896838024 1.0 105
1760896838176 1.0 106
1760896838331 1.0 107
1760896838487 1.0 108
1760896838637 1.0 109
1760896920602 1.0 110
1760896921760 1.0 111
1760896922110 1.0 112
1760896922264 1.0 113
1760896922422 1.0 114
1760896922660 1.0 115
1760896922819 1.0 116
1760896922989 1.0 117
1760896923197 1.0 118
1760896923362 1.0 119
1760896923528 1.0 120
1760896923742 1.0 121
1760896923914 1.0 122
1760896924128 1.0 123
1760896924312 1.0 124
1760896924474 1.0 125
1760897003410 1.0 126
1760897003800 1.0 127
1760897003976 1.0 128
1760897004129 1.0 129
1760897004325 1.0 130
1760897004483 1.0 131
1760897004640 1.0 132
1760897004811 1.0 133
1760897004977 1.0 134
1760897005141 1.0 135
1760897005295 1.0 136
1760897005469 1.0 137
1760897005673 1.0 138
1760897005825 1.0 139
1760897005975 1.0 140
1760897006126 1.0 141
1760897087172 1.0 142
1760897087400 1.0 143
1760897087557 1.0 144
1760897087714 1.0 145
1760897087910 1.0 146
1760897088061 1.0 147
1760897088223 1.0 148
1760897088377 1.0 149
1760897088534 1.0 150
1760897088694 1.0 151
1760897088857 1.0 152
1760897089062 1.0 153
1760897089244 1.0 154
1760897089412 1.0 155
1760897089571 1.0 156
1760897089739 1.0 157
1760897171344 1.0 158
1760897171637 1.0 159
1760897171798 1.0 160
1760897172053 1.0 161
1760897172213 1.0 162
1760897172365 1.0 163
1760897172533 1.0 164
1760897172702 1.0 165
1760897172874 1.0 166
1760897173094 1.0 167
1760897173245 1.0 168
1760897173455 1.0 169
1760897173609 1.0 170
1760897173762 1.0 171
1760897173956 1.0 172
1760897174160 1.0 173
1760897239878 1.0 174
1760897240048 1.0 175
1760897240204 1.0 176
1760897240355 1.0 177
1760897240507 1.0 178
1760897240659 1.0 179
1760897240813 1.0 180
1760897240965 1.0 181
1760897241121 1.0 182
1760897241279 1.0 183
1760897241434 1.0 184
1760897241585 1.0 185
1760897241739 1.0 186
1760897241823 1.0 187
1760897320403 1.0 187
1760897405079 2.0 188
1760897405309 2.0 189
1760897405482 2.0 190
1760897405662 2.0 191
1760897405833 2.0 192
1760897406087 2.0 193
1760897406286 2.0 194
1760897406442 2.0 195
1760897406644 2.0 196
1760897406806 2.0 197
1760897406975 2.0 198
1760897407131 2.0 199
1760897407292 2.0 200
1760897407464 2.0 201
1760897407636 2.0 202
1760897407792 2.0 203
1760897492157 2.0 204
1760897492447 2.0 205
1760897492604 2.0 206
1760897492962 2.0 207
1760897493166 2.0 208
1760897493327 2.0 209
1760897493484 2.0 210
1760897493647 2.0 211
1760897493844 2.0 212
1760897494016 2.0 213
1760897494173 2.0 214
1760897494335 2.0 215
1760897494537 2.0 216
1760897494697 2.0 217
1760897494859 2.0 218
1760897495026 2.0 219
1760897577994 2.0 220
1760897578187 2.0 221
1760897578346 2.0 222
1760897578505 2.0 223
1760897578713 2.0 224
1760897578876 2.0 225
1760897579040 2.0 226
1760897579226 2.0 227
1760897579384 2.0 228
1760897579542 2.0 229
1760897579721 2.0 230
1760897579892 2.0 231
1760897580107 2.0 232
1760897580265 2.0 233
1760897580468 2.0 234
1760897580622 2.0 235
1760897663861 2.0 236
1760897664044 2.0 237
1760897664208 2.0 238
1760897664413 2.0 239
1760897664652 2.0 240
1760897664816 2.0 241
1760897664968 2.0 242
1760897665136 2.0 243
1760897665354 2.0 244
1760897665556 2.0 245
1760897665756 2.0 246
1760897665913 2.0 247
1760897666177 2.0 248
1760897666343 2.0 249
1760897666506 2.0 250
1760897666689 2.0 251
1760897746812 2.0 252
1760897747065 2.0 253
1760897747273 2.0 254
1760897747587 2.0 255
1760897747742 2.0 256
1760897747904 2.0 257
1760897748065 2.0 258
1760897748251 2.0 259
1760897748447 2.0 260
1760897748650 2.0 261
1760897748856 2.0 262
1760897749019 2.0 263
1760897749180 2.0 264
1760897749383 2.0 265
1760897749552 2.0 266
1760897749729 2.0 267
1760897821178 2.0 268
1760897821340 2.0 269
1760897821498 2.0 270
1760897821656 2.0 271
1760897821808 2.0 272
1760897821960 2.0 273
1760897822111 2.0 274
1760897822271 2.0 275
1760897822422 2.0 276
1760897822577 2.0 277
1760897822732 2.0 278
1760897822883 2.0 279
1760897823038 2.0 280
1760897823119 2.0 281
1760897901197 2.0 281
1760897987517 3.0 282
1760897987890 3.0 283
1760897988090 3.0 284
1760897988251 3.0 285
1760897988461 3.0 286
1760897988614 3.0 287
1760897988768 3.0 288
1760897988922 3.0 289
1760897989074 3.0 290
1760897989229 3.0 291
1760897989406 3.0 292
1760897989604 3.0 293
1760897989756 3.0 294
1760897989913 3.0 295
1760897990066 3.0 296
1760897990283 3.0 297
1760898067775 3.0 298
1760898067943 3.0 299
1760898068148 3.0 300
1760898068357 3.0 301
1760898068614 3.0 302
1760898068785 3.0 303
1760898068994 3.0 304
1760898069201 3.0 305
1760898069356 3.0 306
1760898069520 3.0 307
1760898069674 3.0 308
1760898069828 3.0 309
1760898069982 3.0 310
1760898070139 3.0 311
1760898070298 3.0 312
1760898070539 3.0 313
1760898149357 3.0 314
1760898149580 3.0 315
1760898149758 3.0 316
1760898149969 3.0 317
1760898150152 3.0 318
1760898150366 3.0 319
1760898150564 3.0 320
1760898150717 3.0 321
1760898150871 3.0 322
1760898151040 3.0 323
1760898151250 3.0 324
1760898151445 3.0 325
1760898151617 3.0 326
1760898151786 3.0 327
1760898151998 3.0 328
1760898152153 3.0 329
1760898231186 3.0 330
1760898231477 3.0 331
1760898231705 3.0 332
1760898231872 3.0 333
1760898232028 3.0 334
1760898232237 3.0 335
1760898232411 3.0 336
1760898232563 3.0 337
1760898232714 3.0 338
1760898232882 3.0 339
1760898233061 3.0 340
1760898233213 3.0 341
1760898233377 3.0 342
1760898233591 3.0 343
1760898233771 3.0 344
1760898233933 3.0 345
1760898313222 3.0 346
1760898313415 3.0 347
1760898313575 3.0 348
1760898313730 3.0 349
1760898314024 3.0 350
1760898314176 3.0 351
1760898314406 3.0 352
1760898314609 3.0 353
1760898314809 3.0 354
1760898314962 3.0 355
1760898315154 3.0 356
1760898315359 3.0 357
1760898315512 3.0 358
1760898315673 3.0 359
1760898315828 3.0 360
1760898315987 3.0 361
1760898383969 3.0 362
1760898384152 3.0 363
1760898384306 3.0 364
1760898384462 3.0 365
1760898384617 3.0 366
1760898384767 3.0 367
1760898384925 3.0 368
1760898385079 3.0 369
1760898385231 3.0 370
1760898385381 3.0 371
1760898385536 3.0 372
1760898385690 3.0 373
1760898385839 3.0 374
1760898385925 3.0 375
1760898463812 3.0 375
1760898549345 4.0 376
1760898549529 4.0 377
1760898549731 4.0 378
1760898549986 4.0 379
1760898550144 4.0 380
1760898550305 4.0 381
1760898550484 4.0 382
1760898550678 4.0 383
1760898550841 4.0 384
1760898550998 4.0 385
1760898551160 4.0 386
1760898551372 4.0 387
1760898551535 4.0 388
1760898551689 4.0 389
1760898551842 4.0 390
1760898552006 4.0 391
1760898633777 4.0 392
1760898633983 4.0 393
1760898634179 4.0 394
1760898634387 4.0 395
1760898634540 4.0 396
1760898634736 4.0 397
1760898634971 4.0 398
1760898635134 4.0 399
1760898635350 4.0 400
1760898635518 4.0 401
1760898635679 4.0 402
1760898635857 4.0 403
1760898636076 4.0 404
1760898636230 4.0 405
1760898636440 4.0 406
1760898636599 4.0 407
1760898716980 4.0 408
1760898717147 4.0 409
1760898717364 4.0 410
1760898717535 4.0 411
1760898717704 4.0 412
1760898717856 4.0 413
1760898718008 4.0 414
1760898718164 4.0 415
1760898718388 4.0 416
1760898718557 4.0 417
1760898718719 4.0 418
1760898718921 4.0 419
1760898719087 4.0 420
1760898719258 4.0 421
1760898719425 4.0 422
1760898719579 4.0 423
1760898803627 4.0 424
1760898803834 4.0 425
1760898804168 4.0 426
1760898804403 4.0 427
1760898804558 4.0 428
1760898804717 4.0 429
1760898804930 4.0 430
1760898805144 4.0 431
1760898805302 4.0 432
1760898805520 4.0 433
1760898805677 4.0 434
1760898805860 4.0 435
1760898806047 4.0 436
1760898806209 4.0 437
1760898806385 4.0 438
1760898806539 4.0 439
1760898886762 4.0 440
1760898886926 4.0 441
1760898887090 4.0 442
1760898887243 4.0 443
1760898887423 4.0 444
1760898887585 4.0 445
1760898887834 4.0 446
1760898888043 4.0 447
1760898888241 4.0 448
1760898888414 4.0 449
1760898888581 4.0 450
1760898888753 4.0 451
1760898888911 4.0 452
1760898889181 4.0 453
1760898889409 4.0 454
1760898889577 4.0 455
1760898961346 4.0 456
1760898961506 4.0 457
1760898961663 4.0 458
1760898961818 4.0 459
1760898961970 4.0 460
1760898962124 4.0 461
1760898962282 4.0 462
1760898962434 4.0 463
1760898962588 4.0 464
1760898962748 4.0 465
1760898962901 4.0 466
1760898963055 4.0 467
1760898963210 4.0 468
1760898963293 4.0 469
1760899044200 4.0 469
1760899127625 5.0 470
1760899127788 5.0 471
1760899127967 5.0 472
1760899128276 5.0 473
1760899128476 5.0 474
1760899128631 5.0 475
1760899128786 5.0 476
1760899128942 5.0 477
1760899129100 5.0 478
1760899129275 5.0 479
1760899129435 5.0 480
1760899129632 5.0 481
1760899129787 5.0 482
1760899129958 5.0 483
1760899130167 5.0 484
1760899130396 5.0 485
1760899211669 5.0 486
1760899211840 5.0 487
1760899212004 5.0 488
1760899212386 5.0 489
1760899212540 5.0 490
1760899212716 5.0 491
1760899212915 5.0 492
1760899213159 5.0 493
1760899213312 5.0 494
1760899213477 5.0 495
1760899213634 5.0 496
1760899213853 5.0 497
1760899214006 5.0 498
1760899214175 5.0 499
1760899214409 5.0 500
1760899214627 5.0 501
1760899295464 5.0 502
1760899295625 5.0 503
1760899295777 5.0 504
1760899296214 5.0 505
1760899296385 5.0 506
1760899296563 5.0 507
1760899296742 5.0 508
1760899296962 5.0 509
1760899297121 5.0 510
1760899297302 5.0 511
1760899297466 5.0 512
1760899297624 5.0 513
1760899297840 5.0 514
1760899298112 5.0 515
1760899298353 5.0 516
1760899298576 5.0 517
1760899379616 5.0 518
1760899379921 5.0 519
1760899380157 5.0 520
1760899380326 5.0 521
1760899380503 5.0 522
1760899380671 5.0 523
1760899380853 5.0 524
1760899381100 5.0 525
1760899381259 5.0 526
1760899381458 5.0 527
1760899381617 5.0 528
1760899381812 5.0 529
1760899381972 5.0 530
1760899382130 5.0 531
1760899382290 5.0 532
1760899382496 5.0 533
1760899464728 5.0 534
1760899464962 5.0 535
1760899465157 5.0 536
1760899465410 5.0 537
1760899465562 5.0 538
1760899465717 5.0 539
1760899465877 5.0 540
1760899466077 5.0 541
1760899466251 5.0 542
1760899466407 5.0 543
1760899466559 5.0 544
1760899466714 5.0 545
1760899466918 5.0 546
1760899467079 5.0 547
1760899467256 5.0 548
1760899467420 5.0 549
1760899538245 5.0 550
1760899538450 5.0 551
1760899538603 5.0 552
1760899538764 5.0 553
1760899538916 5.0 554
1760899539065 5.0 555
1760899539224 5.0 556
1760899539382 5.0 557
1760899539532 5.0 558
1760899539687 5.0 559
1760899539837 5.0 560
1760899539987 5.0 561
1760899540140 5.0 562
1760899540226 5.0 563
1760899622004 5.0 563
1760899712479 6.0 564
1760899712749 6.0 565
1760899712954 6.0 566
1760899713258 6.0 567
1760899713426 6.0 568
1760899713596 6.0 569
1760899713757 6.0 570
1760899713912 6.0 571
1760899714100 6.0 572
1760899714255 6.0 573
1760899714420 6.0 574
1760899714575 6.0 575
1760899714785 6.0 576
1760899714954 6.0 577
1760899715154 6.0 578
1760899715355 6.0 579
1760899796823 6.0 580
1760899797091 6.0 581
1760899797247 6.0 582
1760899797402 6.0 583
1760899797606 6.0 584
1760899797764 6.0 585
1760899797920 6.0 586
1760899798075 6.0 587
1760899798271 6.0 588
1760899798429 6.0 589
1760899798590 6.0 590
1760899798792 6.0 591
1760899798956 6.0 592
1760899799160 6.0 593
1760899799371 6.0 594
1760899799539 6.0 595
1760899885553 6.0 596
1760899885734 6.0 597
1760899885890 6.0 598
1760899886104 6.0 599
1760899886323 6.0 600
1760899886498 6.0 601
1760899886656 6.0 602
1760899886810 6.0 603
1760899886970 6.0 604
1760899887177 6.0 605
1760899887378 6.0 606
1760899887531 6.0 607
1760899887757 6.0 608
1760899887908 6.0 609
1760899888073 6.0 610
1760899888247 6.0 611
1760899969890 6.0 612
1760899970260 6.0 613
1760899970499 6.0 614
1760899970668 6.0 615
1760899970881 6.0 616
1760899971068 6.0 617
1760899971226 6.0 618
1760899971417 6.0 619
1760899971571 6.0 620
1760899971780 6.0 621
1760899972001 6.0 622
1760899972169 6.0 623
1760899972336 6.0 624
1760899972535 6.0 625
1760899972730 6.0 626
1760899972891 6.0 627
1760900053034 6.0 628
1760900053321 6.0 629
1760900053534 6.0 630
1760900053694 6.0 631
1760900053860 6.0 632
1760900054021 6.0 633
1760900054227 6.0 634
1760900054399 6.0 635
1760900054560 6.0 636
1760900054720 6.0 637
1760900054908 6.0 638
1760900055090 6.0 639
1760900055255 6.0 640
1760900055413 6.0 641
1760900055569 6.0 642
1760900055731 6.0 643
1760900126725 6.0 644
1760900127040 6.0 645
1760900127200 6.0 646
1760900127355 6.0 647
1760900127511 6.0 648
1760900127664 6.0 649
1760900127819 6.0 650
1760900127970 6.0 651
1760900128125 6.0 652
1760900128281 6.0 653
1760900128430 6.0 654
1760900128582 6.0 655
1760900128740 6.0 656
1760900128821 6.0 657
1760900206423 6.0 657
1760900290453 7.0 658
1760900290651 7.0 659
1760900290832 7.0 660
1760900291000 7.0 661
1760900291200 7.0 662
1760900291382 7.0 663
1760900291597 7.0 664
1760900291761 7.0 665
1760900291934 7.0 666
1760900292134 7.0 667
1760900292290 7.0 668
1760900292471 7.0 669
1760900292635 7.0 670
1760900292842 7.0 671
1760900293010 7.0 672
1760900293165 7.0 673
1760900371887 7.0 674
1760900372580 7.0 675
1760900372750 7.0 676
1760900372918 7.0 677
1760900373124 7.0 678
1760900373436 7.0 679
1760900373593 7.0 680
1760900373748 7.0 681
1760900373915 7.0 682
1760900374181 7.0 683
1760900374387 7.0 684
1760900374540 7.0 685
1760900374738 7.0 686
1760900374894 7.0 687
1760900375058 7.0 688
1760900375214 7.0 689
1760900452113 7.0 690
1760900452718 7.0 691
1760900452887 7.0 692
1760900453105 7.0 693
1760900453280 7.0 694
1760900453989 7.0 695
1760900454158 7.0 696
1760900454312 7.0 697
1760900454488 7.0 698
1760900454659 7.0 699
1760900454821 7.0 700
1760900454972 7.0 701
1760900455133 7.0 702
1760900455331 7.0 703
1760900455578 7.0 704
1760900455793 7.0 705
1760900535721 7.0 706
1760900536626 7.0 707
1760900536825 7.0 708
1760900536979 7.0 709
1760900537330 7.0 710
1760900537737 7.0 711
1760900537954 7.0 712
1760900538118 7.0 713
1760900538293 7.0 714
1760900538511 7.0 715
1760900538677 7.0 716
1760900538893 7.0 717
1760900539054 7.0 718
1760900539250 7.0 719
1760900539433 7.0 720
1760900539593 7.0 721
1760900621525 7.0 722
1760900622191 7.0 723
1760900622358 7.0 724
1760900622574 7.0 725
1760900622727 7.0 726
1760900622885 7.0 727
1760900623042 7.0 728
1760900623196 7.0 729
1760900623354 7.0 730
1760900623504 7.0 731
1760900623658 7.0 732
1760900623853 7.0 733
1760900624016 7.0 734
1760900624172 7.0 735
1760900624379 7.0 736
1760900624592 7.0 737
1760900695392 7.0 738
1760900695832 7.0 739
1760900695988 7.0 740
1760900696144 7.0 741
1760900696296 7.0 742
1760900696453 7.0 743
1760900696602 7.0 744
1760900696750 7.0 745
1760900696909 7.0 746
1760900697068 7.0 747
1760900697216 7.0 748
1760900697365 7.0 749
1760900697525 7.0 750
1760900697610 7.0 751
1760900777490 7.0 751
1760900864049 8.0 752
1760900864226 8.0 753
1760900864430 8.0 754
1760900864585 8.0 755
1760900864738 8.0 756
1760900864905 8.0 757
1760900865065 8.0 758
1760900865267 8.0 759
1760900865423 8.0 760
1760900865578 8.0 761
1760900865754 8.0 762
1760900865921 8.0 763
1760900866081 8.0 764
1760900866237 8.0 765
1760900866397 8.0 766
1760900866554 8.0 767
1760900945826 8.0 768
1760900946031 8.0 769
1760900946868 8.0 770
1760900947048 8.0 771
1760900947204 8.0 772
1760900947399 8.0 773
1760900947594 8.0 774
1760900947751 8.0 775
1760900947931 8.0 776
1760900948131 8.0 777
1760900948283 8.0 778
1760900948462 8.0 779
1760900948634 8.0 780
1760900948833 8.0 781
1760900948990 8.0 782
1760900949162 8.0 783
1760901031231 8.0 784
1760901031666 8.0 785
1760901031994 8.0 786
1760901032268 8.0 787
1760901032430 8.0 788
1760901032643 8.0 789
1760901032817 8.0 790
1760901032982 8.0 791
1760901033181 8.0 792
1760901033384 8.0 793
1760901033537 8.0 794
1760901033688 8.0 795
1760901033854 8.0 796
1760901034070 8.0 797
1760901034243 8.0 798
1760901034446 8.0 799
1760901116404 8.0 800
1760901116571 8.0 801
1760901117219 8.0 802
1760901117464 8.0 803
1760901117644 8.0 804
1760901118015 8.0 805
1760901118179 8.0 806
1760901118344 8.0 807
1760901118496 8.0 808
1760901118654 8.0 809
1760901118828 8.0 810
1760901119054 8.0 811
1760901119281 8.0 812
1760901119445 8.0 813
1760901119607 8.0 814
1760901119772 8.0 815
1760901201421 8.0 816
1760901201588 8.0 817
1760901201745 8.0 818
1760901201941 8.0 819
1760901202101 8.0 820
1760901202292 8.0 821
1760901202496 8.0 822
1760901202651 8.0 823
1760901202804 8.0 824
1760901203004 8.0 825
1760901203173 8.0 826
1760901203369 8.0 827
1760901203565 8.0 828
1760901203764 8.0 829
1760901203915 8.0 830
1760901204132 8.0 831
1760901275105 8.0 832
1760901275282 8.0 833
1760901275434 8.0 834
1760901275587 8.0 835
1760901275744 8.0 836
1760901275900 8.0 837
1760901276052 8.0 838
1760901276206 8.0 839
1760901276359 8.0 840
1760901276513 8.0 841
1760901276669 8.0 842
1760901276818 8.0 843
1760901276971 8.0 844
1760901277056 8.0 845
1760901352889 8.0 845
1760901439768 9.0 846
1760901439987 9.0 847
1760901440154 9.0 848
1760901440312 9.0 849
1760901440556 9.0 850
1760901440724 9.0 851
1760901440924 9.0 852
1760901441177 9.0 853
1760901441359 9.0 854
1760901441550 9.0 855
1760901441806 9.0 856
1760901441971 9.0 857
1760901442144 9.0 858
1760901442302 9.0 859
1760901442505 9.0 860
1760901442665 9.0 861
1760901523431 9.0 862
1760901523782 9.0 863
1760901524033 9.0 864
1760901524220 9.0 865
1760901524410 9.0 866
1760901524732 9.0 867
1760901524885 9.0 868
1760901525106 9.0 869
1760901525290 9.0 870
1760901525448 9.0 871
1760901525620 9.0 872
1760901525780 9.0 873
1760901525944 9.0 874
1760901526168 9.0 875
1760901526322 9.0 876
1760901526497 9.0 877
1760901603922 9.0 878
1760901604146 9.0 879
1760901604308 9.0 880
1760901604483 9.0 881
1760901604647 9.0 882
1760901604813 9.0 883
1760901604977 9.0 884
1760901605141 9.0 885
1760901605360 9.0 886
1760901605531 9.0 887
1760901605700 9.0 888
1760901605908 9.0 889
1760901606087 9.0 890
1760901606255 9.0 891
1760901606424 9.0 892
1760901606588 9.0 893
1760901688894 9.0 894
1760901689079 9.0 895
1760901690141 9.0 896
1760901690346 9.0 897
1760901690505 9.0 898
1760901690676 9.0 899
1760901690837 9.0 900
1760901691040 9.0 901
1760901691195 9.0 902
1760901691351 9.0 903
1760901691506 9.0 904
1760901691695 9.0 905
1760901691845 9.0 906
1760901692073 9.0 907
1760901692227 9.0 908
1760901692386 9.0 909
1760901775122 9.0 910
1760901775298 9.0 911
1760901776026 9.0 912
1760901776202 9.0 913
1760901776355 9.0 914
1760901776506 9.0 915
1760901776660 9.0 916
1760901776882 9.0 917
1760901777048 9.0 918
1760901777256 9.0 919
1760901777414 9.0 920
1760901777574 9.0 921
1760901777831 9.0 922
1760901778051 9.0 923
1760901778211 9.0 924
1760901778368 9.0 925
1760901847464 9.0 926
1760901847779 9.0 927
1760901848118 9.0 928
1760901848271 9.0 929
1760901848420 9.0 930
1760901848581 9.0 931
1760901848730 9.0 932
1760901848885 9.0 933
1760901849044 9.0 934
1760901849199 9.0 935
1760901849353 9.0 936
1760901849508 9.0 937
1760901849660 9.0 938
1760901849741 9.0 939
1760901927563 9.0 939
1760902015295 10.0 940
1760902015886 10.0 941
1760902016044 10.0 942
1760902016199 10.0 943
1760902016385 10.0 944
1760902016544 10.0 945
1760902016701 10.0 946
1760902016920 10.0 947
1760902017101 10.0 948
1760902017266 10.0 949
1760902017437 10.0 950
1760902017607 10.0 951
1760902017776 10.0 952
1760902017938 10.0 953
1760902018213 10.0 954
1760902018431 10.0 955
1760902100525 10.0 956
1760902101063 10.0 957
1760902101234 10.0 958
1760902101387 10.0 959
1760902101622 10.0 960
1760902101794 10.0 961
1760902101957 10.0 962
1760902102172 10.0 963
1760902102413 10.0 964
1760902102640 10.0 965
1760902102797 10.0 966
1760902102965 10.0 967
1760902103162 10.0 968
1760902103319 10.0 969
1760902103474 10.0 970
1760902103671 10.0 971
1760902188201 10.0 972
1760902188820 10.0 973
1760902188983 10.0 974
1760902189143 10.0 975
1760902189298 10.0 976
1760902189474 10.0 977
1760902189628 10.0 978
1760902189806 10.0 979
1760902190014 10.0 980
1760902190181 10.0 981
1760902190356 10.0 982
1760902190578 10.0 983
1760902190880 10.0 984
1760902191035 10.0 985
1760902191194 10.0 986
1760902191374 10.0 987
1760902273914 10.0 988
1760902274083 10.0 989
1760902274298 10.0 990
1760902274607 10.0 991
1760902274772 10.0 992
1760902274941 10.0 993
1760902275188 10.0 994
1760902275360 10.0 995
1760902275567 10.0 996
1760902275758 10.0 997
1760902275935 10.0 998
1760902276103 10.0 999
1760902276258 10.0 1000
1760902276419 10.0 1001
1760902276585 10.0 1002
1760902276806 10.0 1003
1760902355574 10.0 1004
1760902355748 10.0 1005
1760902355904 10.0 1006
1760902356690 10.0 1007
1760902356906 10.0 1008
1760902357110 10.0 1009
1760902357261 10.0 1010
1760902357519 10.0 1011
1760902357677 10.0 1012
1760902357832 10.0 1013
1760902358041 10.0 1014
1760902358236 10.0 1015
1760902358409 10.0 1016
1760902358607 10.0 1017
1760902358772 10.0 1018
1760902358926 10.0 1019
1760902428442 10.0 1020
1760902428612 10.0 1021
1760902428770 10.0 1022
1760902428928 10.0 1023
1760902429083 10.0 1024
1760902429236 10.0 1025
1760902429385 10.0 1026
1760902429543 10.0 1027
1760902429695 10.0 1028
1760902429851 10.0 1029
1760902430007 10.0 1030
1760902430157 10.0 1031
1760902430311 10.0 1032
1760902430396 10.0 1033
1760902512429 10.0 1033
1760902601334 11.0 1034
1760902601509 11.0 1035
1760902601688 11.0 1036
1760902601894 11.0 1037
1760902602051 11.0 1038
1760902602261 11.0 1039
1760902602433 11.0 1040
1760902602595 11.0 1041
1760902602764 11.0 1042
1760902602972 11.0 1043
1760902603182 11.0 1044
1760902603388 11.0 1045
1760902603550 11.0 1046
1760902603708 11.0 1047
1760902603860 11.0 1048
1760902604055 11.0 1049
1760902685638 11.0 1050
1760902685962 11.0 1051
1760902686164 11.0 1052
1760902686360 11.0 1053
1760902686516 11.0 1054
1760902686713 11.0 1055
1760902686870 11.0 1056
1760902687114 11.0 1057
1760902687318 11.0 1058
1760902687519 11.0 1059
1760902687671 11.0 1060
1760902687871 11.0 1061
1760902688026 11.0 1062
1760902688258 11.0 1063
1760902688424 11.0 1064
1760902688638 11.0 1065
1760902772344 11.0 1066
1760902772716 11.0 1067
1760902772880 11.0 1068
1760902773182 11.0 1069
1760902773357 11.0 1070
1760902773531 11.0 1071
1760902773747 11.0 1072
1760902773915 11.0 1073
1760902774071 11.0 1074
1760902774246 11.0 1075
1760902774469 11.0 1076
1760902774631 11.0 1077
1760902774827 11.0 1078
1760902774983 11.0 1079
1760902775198 11.0 1080
1760902775456 11.0 1081
1760902857203 11.0 1082
1760902857463 11.0 1083
1760902857639 11.0 1084
1760902857821 11.0 1085
1760902857978 11.0 1086
1760902858142 11.0 1087
1760902858309 11.0 1088
1760902858470 11.0 1089
1760902858724 11.0 1090
1760902859032 11.0 1091
1760902859188 11.0 1092
1760902859350 11.0 1093
1760902859509 11.0 1094
1760902859718 11.0 1095
1760902859895 11.0 1096
1760902860074 11.0 1097
1760902939475 11.0 1098
1760902939667 11.0 1099
1760902939915 11.0 1100
1760902940230 11.0 1101
1760902940433 11.0 1102
1760902940588 11.0 1103
1760902940752 11.0 1104
1760902940954 11.0 1105
1760902941119 11.0 1106
1760902941277 11.0 1107
1760902941437 11.0 1108
1760902941593 11.0 1109
1760902941750 11.0 1110
1760902941910 11.0 1111
1760902942108 11.0 1112
1760902942263 11.0 1113
1760903012300 11.0 1114
1760903012457 11.0 1115
1760903012608 11.0 1116
1760903012759 11.0 1117
1760903012913 11.0 1118
1760903013070 11.0 1119
1760903013222 11.0 1120
1760903013379 11.0 1121
1760903013528 11.0 1122
1760903013682 11.0 1123
1760903013835 11.0 1124
1760903013993 11.0 1125
1760903014143 11.0 1126
1760903014224 11.0 1127
1760903092156 11.0 1127
1760903179994 12.0 1128
1760903180186 12.0 1129
1760903180367 12.0 1130
1760903180545 12.0 1131
1760903180704 12.0 1132
1760903180904 12.0 1133
1760903181119 12.0 1134
1760903181276 12.0 1135
1760903181441 12.0 1136
1760903181595 12.0 1137
1760903181747 12.0 1138
1760903181915 12.0 1139
1760903182070 12.0 1140
1760903182243 12.0 1141
1760903182424 12.0 1142
1760903182579 12.0 1143
1760903266781 12.0 1144
1760903267252 12.0 1145
1760903267790 12.0 1146
1760903267959 12.0 1147
1760903268140 12.0 1148
1760903268336 12.0 1149
1760903268501 12.0 1150
1760903268656 12.0 1151
1760903268824 12.0 1152
1760903268982 12.0 1153
1760903269187 12.0 1154
1760903269375 12.0 1155
1760903269542 12.0 1156
1760903269694 12.0 1157
1760903269867 12.0 1158
1760903270065 12.0 1159
1760903351143 12.0 1160
1760903351721 12.0 1161
1760903351874 12.0 1162
1760903352028 12.0 1163
1760903352270 12.0 1164
1760903352475 12.0 1165
1760903352633 12.0 1166
1760903352785 12.0 1167
1760903352981 12.0 1168
1760903353167 12.0 1169
1760903353360 12.0 1170
1760903353522 12.0 1171
1760903353686 12.0 1172
1760903353848 12.0 1173
1760903354049 12.0 1174
1760903354216 12.0 1175
1760903435076 12.0 1176
1760903435305 12.0 1177
1760903435466 12.0 1178
1760903435633 12.0 1179
1760903435847 12.0 1180
1760903435998 12.0 1181
1760903436209 12.0 1182
1760903436451 12.0 1183
1760903436601 12.0 1184
1760903436827 12.0 1185
1760903436978 12.0 1186
1760903437184 12.0 1187
1760903437340 12.0 1188
1760903437556 12.0 1189
1760903437723 12.0 1190
1760903437903 12.0 1191
1760903521962 12.0 1192
1760903522188 12.0 1193
1760903522364 12.0 1194
1760903522530 12.0 1195
1760903522708 12.0 1196
1760903522905 12.0 1197
1760903523056 12.0 1198
1760903523208 12.0 1199
1760903523364 12.0 1200
1760903523516 12.0 1201
1760903523669 12.0 1202
1760903523884 12.0 1203
1760903524036 12.0 1204
1760903524194 12.0 1205
1760903524349 12.0 1206
1760903524503 12.0 1207
1760903592245 12.0 1208
1760903592654 12.0 1209
1760903592804 12.0 1210
1760903592961 12.0 1211
1760903593115 12.0 1212
1760903593266 12.0 1213
1760903593415 12.0 1214
1760903593566 12.0 1215
1760903593716 12.0 1216
1760903593868 12.0 1217
1760903594017 12.0 1218
1760903594173 12.0 1219
1760903594323 12.0 1220
1760903594408 12.0 1221
1760903671058 12.0 1221
1760903761243 13.0 1222
1760903761423 13.0 1223
1760903761621 13.0 1224
1760903761778 13.0 1225
1760903761960 13.0 1226
1760903762181 13.0 1227
1760903762447 13.0 1228
1760903762623 13.0 1229
1760903762799 13.0 1230
1760903763125 13.0 1231
1760903763301 13.0 1232
1760903763470 13.0 1233
1760903763626 13.0 1234
1760903763777 13.0 1235
1760903763996 13.0 1236
1760903764169 13.0 1237
1760903844502 13.0 1238
1760903845008 13.0 1239
1760903845287 13.0 1240
1760903845508 13.0 1241
1760903845775 13.0 1242
1760903845941 13.0 1243
1760903846138 13.0 1244
1760903846355 13.0 1245
1760903846576 13.0 1246
1760903846787 13.0 1247
1760903846940 13.0 1248
1760903847111 13.0 1249
1760903847356 13.0 1250
1760903847508 13.0 1251
1760903847682 13.0 1252
1760903847848 13.0 1253
1760903930863 13.0 1254
1760903931382 13.0 1255
1760903931552 13.0 1256
1760903931727 13.0 1257
1760903931932 13.0 1258
1760903932108 13.0 1259
1760903932263 13.0 1260
1760903932426 13.0 1261
1760903932581 13.0 1262
1760903932735 13.0 1263
1760903932890 13.0 1264
1760903933067 13.0 1265
1760903933222 13.0 1266
1760903933435 13.0 1267
1760903933591 13.0 1268
1760903933787 13.0 1269
1760904012725 13.0 1270
1760904013415 13.0 1271
1760904013586 13.0 1272
1760904013784 13.0 1273
1760904013957 13.0 1274
1760904014342 13.0 1275
1760904014519 13.0 1276
1760904014679 13.0 1277
1760904014833 13.0 1278
1760904014991 13.0 1279
1760904015158 13.0 1280
1760904015352 13.0 1281
1760904015519 13.0 1282
1760904015692 13.0 1283
1760904015848 13.0 1284
1760904016001 13.0 1285
1760904097835 13.0 1286
1760904098128 13.0 1287
1760904098486 13.0 1288
1760904098641 13.0 1289
1760904098797 13.0 1290
1760904099214 13.0 1291
1760904099368 13.0 1292
1760904099524 13.0 1293
1760904099681 13.0 1294
1760904099838 13.0 1295
1760904099995 13.0 1296
1760904100150 13.0 1297
1760904100346 13.0 1298
1760904100628 13.0 1299
1760904100787 13.0 1300
1760904100938 13.0 1301
1760904170554 13.0 1302
1760904170962 13.0 1303
1760904171115 13.0 1304
1760904171269 13.0 1305
1760904171424 13.0 1306
1760904171578 13.0 1307
1760904171730 13.0 1308
1760904171882 13.0 1309
1760904172035 13.0 1310
1760904172188 13.0 1311
1760904172342 13.0 1312
1760904172495 13.0 1313
1760904172648 13.0 1314
1760904172731 13.0 1315
1760904251034 13.0 1315
1760904336206 14.0 1316
1760904336376 14.0 1317
1760904336624 14.0 1318
1760904336844 14.0 1319
1760904337021 14.0 1320
1760904337199 14.0 1321
1760904337368 14.0 1322
1760904337546 14.0 1323
1760904337723 14.0 1324
1760904337879 14.0 1325
1760904338042 14.0 1326
1760904338217 14.0 1327
1760904338374 14.0 1328
1760904338589 14.0 1329
1760904338745 14.0 1330
1760904338903 14.0 1331
1760904421295 14.0 1332
1760904421483 14.0 1333
1760904421660 14.0 1334
1760904421816 14.0 1335
1760904422075 14.0 1336
1760904422274 14.0 1337
1760904422440 14.0 1338
1760904422659 14.0 1339
1760904422824 14.0 1340
1760904422994 14.0 1341
1760904423154 14.0 1342
1760904423458 14.0 1343
1760904423632 14.0 1344
1760904423859 14.0 1345
1760904424016 14.0 1346
1760904424326 14.0 1347
1760904503882 14.0 1348
1760904504063 14.0 1349
1760904504265 14.0 1350
1760904504505 14.0 1351
1760904504767 14.0 1352
1760904504979 14.0 1353
1760904505182 14.0 1354
1760904505340 14.0 1355
1760904505501 14.0 1356
1760904505705 14.0 1357
1760904505863 14.0 1358
1760904506023 14.0 1359
1760904506183 14.0 1360
1760904506357 14.0 1361
1760904506528 14.0 1362
1760904506680 14.0 1363
1760904586891 14.0 1364
1760904587155 14.0 1365
1760904587373 14.0 1366
1760904587538 14.0 1367
1760904587697 14.0 1368
1760904587865 14.0 1369
1760904588023 14.0 1370
1760904588195 14.0 1371
1760904588358 14.0 1372
1760904588518 14.0 1373
1760904588689 14.0 1374
1760904588848 14.0 1375
1760904589004 14.0 1376
1760904589167 14.0 1377
1760904589322 14.0 1378
1760904589479 14.0 1379
1760904667572 14.0 1380
1760904667812 14.0 1381
1760904668011 14.0 1382
1760904668164 14.0 1383
1760904668331 14.0 1384
1760904668489 14.0 1385
1760904668645 14.0 1386
1760904668802 14.0 1387
1760904668961 14.0 1388
1760904669128 14.0 1389
1760904669302 14.0 1390
1760904669468 14.0 1391
1760904669644 14.0 1392
1760904669816 14.0 1393
1760904670058 14.0 1394
1760904670208 14.0 1395
1760904740380 14.0 1396
1760904740540 14.0 1397
1760904740692 14.0 1398
1760904740847 14.0 1399
1760904740997 14.0 1400
1760904741150 14.0 1401
1760904741306 14.0 1402
1760904741463 14.0 1403
1760904741620 14.0 1404
1760904741770 14.0 1405
1760904741926 14.0 1406
1760904742081 14.0 1407
1760904742237 14.0 1408
1760904742321 14.0 1409
1760904817780 14.0 1409
1760904907628 15.0 1410
1760904908001 15.0 1411
1760904908242 15.0 1412
1760904908411 15.0 1413
1760904908626 15.0 1414
1760904908790 15.0 1415
1760904908960 15.0 1416
1760904909127 15.0 1417
1760904909284 15.0 1418
1760904909452 15.0 1419
1760904909704 15.0 1420
1760904909861 15.0 1421
1760904910021 15.0 1422
1760904910220 15.0 1423
1760904910433 15.0 1424
1760904910698 15.0 1425
1760904995241 15.0 1426
1760904995410 15.0 1427
1760904995565 15.0 1428
1760904995798 15.0 1429
1760904996065 15.0 1430
1760904996283 15.0 1431
1760904996452 15.0 1432
1760904996659 15.0 1433
1760904996892 15.0 1434
1760904997045 15.0 1435
1760904997286 15.0 1436
1760904997446 15.0 1437
1760904997612 15.0 1438
1760904997796 15.0 1439
1760904997953 15.0 1440
1760904998110 15.0 1441
1760905080727 15.0 1442
1760905080885 15.0 1443
1760905081070 15.0 1444
1760905081232 15.0 1445
1760905081401 15.0 1446
1760905081668 15.0 1447
1760905081835 15.0 1448
1760905082008 15.0 1449
1760905082221 15.0 1450
1760905082372 15.0 1451
1760905082529 15.0 1452
1760905082688 15.0 1453
1760905082853 15.0 1454
1760905083032 15.0 1455
1760905083204 15.0 1456
1760905083369 15.0 1457
1760905162698 15.0 1458
1760905162963 15.0 1459
1760905163148 15.0 1460
1760905163306 15.0 1461
1760905163585 15.0 1462
1760905163803 15.0 1463
1760905164059 15.0 1464
1760905164233 15.0 1465
1760905164395 15.0 1466
1760905164552 15.0 1467
1760905164708 15.0 1468
1760905164872 15.0 1469
1760905165048 15.0 1470
1760905165209 15.0 1471
1760905165373 15.0 1472
1760905165583 15.0 1473
1760905246291 15.0 1474
1760905246514 15.0 1475
1760905246933 15.0 1476
1760905247153 15.0 1477
1760905247372 15.0 1478
1760905247630 15.0 1479
1760905247789 15.0 1480
1760905247954 15.0 1481
1760905248108 15.0 1482
1760905248282 15.0 1483
1760905248481 15.0 1484
1760905248640 15.0 1485
1760905248805 15.0 1486
1760905249010 15.0 1487
1760905249209 15.0 1488
1760905249365 15.0 1489
1760905319539 15.0 1490
1760905319709 15.0 1491
1760905319864 15.0 1492
1760905320021 15.0 1493
1760905320180 15.0 1494
1760905320337 15.0 1495
1760905320493 15.0 1496
1760905320648 15.0 1497
1760905320802 15.0 1498
1760905320959 15.0 1499
1760905321116 15.0 1500
1760905321270 15.0 1501
1760905321425 15.0 1502
1760905321507 15.0 1503
1760905400668 15.0 1503
1760905483139 16.0 1504
1760905483310 16.0 1505
1760905484235 16.0 1506
1760905484412 16.0 1507
1760905484571 16.0 1508
1760905484735 16.0 1509
1760905484942 16.0 1510
1760905485099 16.0 1511
1760905485282 16.0 1512
1760905485451 16.0 1513
1760905485608 16.0 1514
1760905485770 16.0 1515
1760905485949 16.0 1516
1760905486163 16.0 1517
1760905486379 16.0 1518
1760905486543 16.0 1519
1760905568461 16.0 1520
1760905568670 16.0 1521
1760905569276 16.0 1522
1760905569498 16.0 1523
1760905569674 16.0 1524
1760905569891 16.0 1525
1760905570055 16.0 1526
1760905570240 16.0 1527
1760905570418 16.0 1528
1760905570574 16.0 1529
1760905570773 16.0 1530
1760905571014 16.0 1531
1760905571192 16.0 1532
1760905571349 16.0 1533
1760905571519 16.0 1534
1760905571732 16.0 1535
1760905652391 16.0 1536
1760905652554 16.0 1537
1760905653131 16.0 1538
1760905653345 16.0 1539
1760905653506 16.0 1540
1760905653686 16.0 1541
1760905654012 16.0 1542
1760905654182 16.0 1543
1760905654345 16.0 1544
1760905654500 16.0 1545
1760905654714 16.0 1546
1760905654933 16.0 1547
1760905655135 16.0 1548
1760905655293 16.0 1549
1760905655449 16.0 1550
1760905655676 16.0 1551
1760905734028 16.0 1552
1760905734442 16.0 1553
1760905735427 16.0 1554
1760905735583 16.0 1555
1760905735767 16.0 1556
1760905735921 16.0 1557
1760905736088 16.0 1558
1760905736248 16.0 1559
1760905736452 16.0 1560
1760905736649 16.0 1561
1760905736807 16.0 1562
1760905737004 16.0 1563
1760905737161 16.0 1564
1760905737357 16.0 1565
1760905737563 16.0 1566
1760905737722 16.0 1567
1760905820981 16.0 1568
1760905821346 16.0 1569
1760905821834 16.0 1570
1760905821991 16.0 1571
1760905822175 16.0 1572
1760905822343 16.0 1573
1760905822560 16.0 1574
1760905822723 16.0 1575
1760905822878 16.0 1576
1760905823043 16.0 1577
1760905823198 16.0 1578
1760905823394 16.0 1579
1760905823549 16.0 1580
1760905823699 16.0 1581
1760905823863 16.0 1582
1760905824021 16.0 1583
1760905892541 16.0 1584
1760905892705 16.0 1585
1760905892860 16.0 1586
1760905893018 16.0 1587
1760905893169 16.0 1588
1760905893327 16.0 1589
1760905893486 16.0 1590
1760905893645 16.0 1591
1760905893802 16.0 1592
1760905893953 16.0 1593
1760905894106 16.0 1594
1760905894256 16.0 1595
1760905894406 16.0 1596
1760905894488 16.0 1597
1760905975687 16.0 1597
1760906060468 17.0 1598
1760906060938 17.0 1599
1760906061092 17.0 1600
1760906061266 17.0 1601
1760906061473 17.0 1602
1760906061641 17.0 1603
1760906061796 17.0 1604
1760906061951 17.0 1605
1760906062106 17.0 1606
1760906062269 17.0 1607
1760906062437 17.0 1608
1760906062689 17.0 1609
1760906062853 17.0 1610
1760906063009 17.0 1611
1760906063172 17.0 1612
1760906063343 17.0 1613
1760906145396 17.0 1614
1760906145649 17.0 1615
1760906145811 17.0 1616
1760906145973 17.0 1617
1760906146131 17.0 1618
1760906146289 17.0 1619
1760906146445 17.0 1620
1760906146600 17.0 1621
1760906146813 17.0 1622
1760906146994 17.0 1623
1760906147173 17.0 1624
1760906147337 17.0 1625
1760906147505 17.0 1626
1760906147682 17.0 1627
1760906147847 17.0 1628
1760906148045 17.0 1629
1760906229487 17.0 1630
1760906229762 17.0 1631
1760906229930 17.0 1632
1760906230139 17.0 1633
1760906230395 17.0 1634
1760906230550 17.0 1635
1760906230714 17.0 1636
1760906230867 17.0 1637
1760906231034 17.0 1638
1760906231199 17.0 1639
1760906231368 17.0 1640
1760906231522 17.0 1641
1760906231702 17.0 1642
1760906231905 17.0 1643
1760906232137 17.0 1644
1760906232321 17.0 1645
1760906316116 17.0 1646
1760906316338 17.0 1647
1760906316516 17.0 1648
1760906316680 17.0 1649
1760906316842 17.0 1650
1760906316996 17.0 1651
1760906317156 17.0 1652
1760906317310 17.0 1653
1760906317509 17.0 1654
1760906317674 17.0 1655
1760906317825 17.0 1656
1760906317986 17.0 1657
1760906318148 17.0 1658
1760906318301 17.0 1659
1760906318456 17.0 1660
1760906318610 17.0 1661
1760906401962 17.0 1662
1760906402131 17.0 1663
1760906402397 17.0 1664
1760906402605 17.0 1665
1760906402857 17.0 1666
1760906403023 17.0 1667
1760906403182 17.0 1668
1760906403385 17.0 1669
1760906403537 17.0 1670
1760906403693 17.0 1671
1760906403850 17.0 1672
1760906404015 17.0 1673
1760906404210 17.0 1674
1760906404363 17.0 1675
1760906404524 17.0 1676
1760906404679 17.0 1677
1760906470732 17.0 1678
1760906470893 17.0 1679
1760906471048 17.0 1680
1760906471200 17.0 1681
1760906471354 17.0 1682
1760906471506 17.0 1683
1760906471657 17.0 1684
1760906471810 17.0 1685
1760906471962 17.0 1686
1760906472115 17.0 1687
1760906472267 17.0 1688
1760906472420 17.0 1689
1760906472573 17.0 1690
1760906472653 17.0 1691
1760906549116 17.0 1691
1760906635099 18.0 1692
1760906635273 18.0 1693
1760906635426 18.0 1694
1760906635581 18.0 1695
1760906635738 18.0 1696
1760906635894 18.0 1697
1760906636056 18.0 1698
1760906636212 18.0 1699
1760906636372 18.0 1700
1760906636524 18.0 1701
1760906636682 18.0 1702
1760906636838 18.0 1703
1760906637006 18.0 1704
1760906637165 18.0 1705
1760906637339 18.0 1706
1760906637513 18.0 1707
1760906715470 18.0 1708
1760906715873 18.0 1709
1760906716070 18.0 1710
1760906716236 18.0 1711
1760906716447 18.0 1712
1760906716605 18.0 1713
1760906716805 18.0 1714
1760906716970 18.0 1715
1760906717190 18.0 1716
1760906717373 18.0 1717
1760906717531 18.0 1718
1760906717703 18.0 1719
1760906717857 18.0 1720
1760906718057 18.0 1721
1760906718215 18.0 1722
1760906718387 18.0 1723
1760906802669 18.0 1724
1760906802842 18.0 1725
1760906803015 18.0 1726
1760906803210 18.0 1727
1760906803365 18.0 1728
1760906803519 18.0 1729
1760906803694 18.0 1730
1760906803860 18.0 1731
1760906804028 18.0 1732
1760906804339 18.0 1733
1760906804496 18.0 1734
1760906804747 18.0 1735
1760906804913 18.0 1736
1760906805088 18.0 1737
1760906805242 18.0 1738
1760906805438 18.0 1739
1760906886969 18.0 1740
1760906887562 18.0 1741
1760906887788 18.0 1742
1760906888011 18.0 1743
1760906888234 18.0 1744
1760906888448 18.0 1745
1760906888618 18.0 1746
1760906888777 18.0 1747
1760906888934 18.0 1748
1760906889092 18.0 1749
1760906889313 18.0 1750
1760906889467 18.0 1751
1760906889668 18.0 1752
1760906889878 18.0 1753
1760906890096 18.0 1754
1760906890256 18.0 1755
1760906974346 18.0 1756
1760906974671 18.0 1757
1760906974859 18.0 1758
1760906975023 18.0 1759
1760906975219 18.0 1760
1760906975373 18.0 1761
1760906975542 18.0 1762
1760906975743 18.0 1763
1760906975984 18.0 1764
1760906976139 18.0 1765
1760906976308 18.0 1766
1760906976467 18.0 1767
1760906976620 18.0 1768
1760906976773 18.0 1769
1760906976937 18.0 1770
1760906977089 18.0 1771
1760907047227 18.0 1772
1760907047394 18.0 1773
1760907047544 18.0 1774
1760907047699 18.0 1775
1760907047851 18.0 1776
1760907048005 18.0 1777
1760907048156 18.0 1778
1760907048311 18.0 1779
1760907048464 18.0 1780
1760907048612 18.0 1781
1760907048765 18.0 1782
1760907048918 18.0 1783
1760907049068 18.0 1784
1760907049152 18.0 1785
1760907128010 18.0 1785
1760907214677 19.0 1786
1760907215003 19.0 1787
1760907215178 19.0 1788
1760907215346 19.0 1789
1760907215512 19.0 1790
1760907215667 19.0 1791
1760907215870 19.0 1792
1760907216071 19.0 1793
1760907216228 19.0 1794
1760907216385 19.0 1795
1760907216556 19.0 1796
1760907216714 19.0 1797
1760907216869 19.0 1798
1760907217058 19.0 1799
1760907217259 19.0 1800
1760907217419 19.0 1801
1760907299119 19.0 1802
1760907299302 19.0 1803
1760907299531 19.0 1804
1760907299747 19.0 1805
1760907299938 19.0 1806
1760907300101 19.0 1807
1760907300270 19.0 1808
1760907300519 19.0 1809
1760907300741 19.0 1810
1760907300917 19.0 1811
1760907301089 19.0 1812
1760907301335 19.0 1813
1760907301517 19.0 1814
1760907301680 19.0 1815
1760907301878 19.0 1816
1760907302039 19.0 1817
1760907381108 19.0 1818
1760907381412 19.0 1819
1760907381572 19.0 1820
1760907381772 19.0 1821
1760907381978 19.0 1822
1760907382140 19.0 1823
1760907382308 19.0 1824
1760907382465 19.0 1825
1760907382627 19.0 1826
1760907382826 19.0 1827
1760907382986 19.0 1828
1760907383152 19.0 1829
1760907383323 19.0 1830
1760907383503 19.0 1831
1760907383702 19.0 1832
1760907383864 19.0 1833
1760907464737 19.0 1834
1760907464929 19.0 1835
1760907465086 19.0 1836
1760907465241 19.0 1837
1760907465447 19.0 1838
1760907465651 19.0 1839
1760907465822 19.0 1840
1760907465981 19.0 1841
1760907466138 19.0 1842
1760907466295 19.0 1843
1760907466455 19.0 1844
1760907466612 19.0 1845
1760907466771 19.0 1846
1760907466988 19.0 1847
1760907467151 19.0 1848
1760907467321 19.0 1849
1760907548143 19.0 1850
1760907548375 19.0 1851
1760907548532 19.0 1852
1760907548692 19.0 1853
1760907548867 19.0 1854
1760907549027 19.0 1855
1760907549191 19.0 1856
1760907549350 19.0 1857
1760907549505 19.0 1858
1760907549703 19.0 1859
1760907549866 19.0 1860
1760907550029 19.0 1861
1760907550183 19.0 1862
1760907550359 19.0 1863
1760907550519 19.0 1864
1760907550691 19.0 1865
1760907620966 19.0 1866
1760907621130 19.0 1867
1760907621285 19.0 1868
1760907621439 19.0 1869
1760907621596 19.0 1870
1760907621752 19.0 1871
1760907621908 19.0 1872
1760907622065 19.0 1873
1760907622225 19.0 1874
1760907622379 19.0 1875
1760907622537 19.0 1876
1760907622692 19.0 1877
1760907622849 19.0 1878
1760907622934 19.0 1879
1760907704625 19.0 1879
1760907793179 20.0 1880
1760907794018 20.0 1881
1760907794187 20.0 1882
1760907794349 20.0 1883
1760907794559 20.0 1884
1760907794772 20.0 1885
1760907794928 20.0 1886
1760907795083 20.0 1887
1760907795243 20.0 1888
1760907795399 20.0 1889
1760907795576 20.0 1890
1760907795742 20.0 1891
1760907795898 20.0 1892
1760907796054 20.0 1893
1760907796277 20.0 1894
1760907796431 20.0 1895
1760907877050 20.0 1896
1760907877229 20.0 1897
1760907877436 20.0 1898
1760907877593 20.0 1899
1760907877820 20.0 1900
1760907877986 20.0 1901
1760907878193 20.0 1902
1760907878347 20.0 1903
1760907878516 20.0 1904
1760907878708 20.0 1905
1760907878861 20.0 1906
1760907879085 20.0 1907
1760907879259 20.0 1908
1760907879421 20.0 1909
1760907879586 20.0 1910
1760907879751 20.0 1911
1760907960872 20.0 1912
1760907961068 20.0 1913
1760907961228 20.0 1914
1760907961384 20.0 1915
1760907961557 20.0 1916
1760907961730 20.0 1917
1760907961888 20.0 1918
1760907962045 20.0 1919
1760907962201 20.0 1920
1760907962451 20.0 1921
1760907962610 20.0 1922
1760907962775 20.0 1923
1760907962992 20.0 1924
1760907963151 20.0 1925
1760907963307 20.0 1926
1760907963468 20.0 1927
1760908045632 20.0 1928
1760908046154 20.0 1929
1760908046323 20.0 1930
1760908046485 20.0 1931
1760908046642 20.0 1932
1760908046814 20.0 1933
1760908046979 20.0 1934
1760908047139 20.0 1935
1760908047310 20.0 1936
1760908047512 20.0 1937
1760908047668 20.0 1938
1760908047829 20.0 1939
1760908047985 20.0 1940
1760908048188 20.0 1941
1760908048349 20.0 1942
1760908048522 20.0 1943
1760908125387 20.0 1944
1760908126514 20.0 1945
1760908126734 20.0 1946
1760908126888 20.0 1947
1760908127050 20.0 1948
1760908127216 20.0 1949
1760908127371 20.0 1950
1760908127530 20.0 1951
1760908127740 20.0 1952
1760908127903 20.0 1953
1760908128058 20.0 1954
1760908128218 20.0 1955
1760908128389 20.0 1956
1760908128540 20.0 1957
1760908128699 20.0 1958
1760908128900 20.0 1959
1760908201450 20.0 1960
1760908202621 20.0 1961
1760908202778 20.0 1962
1760908202935 20.0 1963
1760908203087 20.0 1964
1760908203241 20.0 1965
1760908203395 20.0 1966
1760908203547 20.0 1967
1760908203706 20.0 1968
1760908203861 20.0 1969
1760908204017 20.0 1970
1760908204170 20.0 1971
1760908204318 20.0 1972
1760908204400 20.0 1973
1760908283291 20.0 1973
1760908375449 21.0 1974
1760908375886 21.0 1975
1760908376397 21.0 1976
1760908376560 21.0 1977
1760908376757 21.0 1978
1760908376912 21.0 1979
1760908377162 21.0 1980
1760908377320 21.0 1981
1760908377490 21.0 1982
1760908377693 21.0 1983
1760908377893 21.0 1984
1760908378048 21.0 1985
1760908378203 21.0 1986
1760908378454 21.0 1987
1760908378668 21.0 1988
1760908378887 21.0 1989
1760908456929 21.0 1990
1760908457094 21.0 1991
1760908457296 21.0 1992
1760908457470 21.0 1993
1760908457625 21.0 1994
1760908457781 21.0 1995
1760908457936 21.0 1996
1760908458103 21.0 1997
1760908458271 21.0 1998
1760908458512 21.0 1999
1760908458665 21.0 2000
1760908458874 21.0 2001
1760908459072 21.0 2002
1760908459245 21.0 2003
1760908459504 21.0 2004
1760908459667 21.0 2005
1760908537963 21.0 2006
1760908538155 21.0 2007
1760908538397 21.0 2008
1760908538601 21.0 2009
1760908538982 21.0 2010
1760908539151 21.0 2011
1760908539369 21.0 2012
1760908539523 21.0 2013
1760908539732 21.0 2014
1760908539938 21.0 2015
1760908540101 21.0 2016
1760908540277 21.0 2017
1760908540452 21.0 2018
1760908540606 21.0 2019
1760908540760 21.0 2020
1760908540952 21.0 2021
1760908617577 21.0 2022
1760908617780 21.0 2023
1760908617986 21.0 2024
1760908618146 21.0 2025
1760908618314 21.0 2026
1760908618521 21.0 2027
1760908618687 21.0 2028
1760908618915 21.0 2029
1760908619083 21.0 2030
1760908619252 21.0 2031
1760908619409 21.0 2032
1760908619576 21.0 2033
1760908619741 21.0 2034
1760908619954 21.0 2035
1760908620132 21.0 2036
1760908620314 21.0 2037
1760908702898 21.0 2038
1760908703072 21.0 2039
1760908703241 21.0 2040
1760908703404 21.0 2041
1760908703565 21.0 2042
1760908703731 21.0 2043
1760908703888 21.0 2044
1760908704075 21.0 2045
1760908704286 21.0 2046
1760908704453 21.0 2047
1760908704656 21.0 2048
1760908704823 21.0 2049
1760908705017 21.0 2050
1760908705226 21.0 2051
1760908705485 21.0 2052
1760908705640 21.0 2053
1760908774138 21.0 2054
1760908774300 21.0 2055
1760908774450 21.0 2056
1760908774605 21.0 2057
1760908774761 21.0 2058
1760908774916 21.0 2059
1760908775070 21.0 2060
1760908775226 21.0 2061
1760908775379 21.0 2062
1760908775528 21.0 2063
1760908775677 21.0 2064
1760908775830 21.0 2065
1760908775979 21.0 2066
1760908776061 21.0 2067
1760908854231 21.0 2067
1760908942405 22.0 2068
1760908942579 22.0 2069
1760908942735 22.0 2070
1760908943013 22.0 2071
1760908943174 22.0 2072
1760908943334 22.0 2073
1760908943487 22.0 2074
1760908943643 22.0 2075
1760908943818 22.0 2076
1760908943997 22.0 2077
1760908944196 22.0 2078
1760908944360 22.0 2079
1760908944520 22.0 2080
1760908944714 22.0 2081
1760908944869 22.0 2082
1760908945033 22.0 2083
1760909023516 22.0 2084
1760909023697 22.0 2085
1760909023852 22.0 2086
1760909024053 22.0 2087
1760909024211 22.0 2088
1760909024395 22.0 2089
1760909024553 22.0 2090
1760909024728 22.0 2091
1760909024897 22.0 2092
1760909025097 22.0 2093
1760909025280 22.0 2094
1760909025493 22.0 2095
1760909025653 22.0 2096
1760909025807 22.0 2097
1760909025962 22.0 2098
1760909026170 22.0 2099
1760909106869 22.0 2100
1760909107092 22.0 2101
1760909107249 22.0 2102
1760909107822 22.0 2103
1760909108041 22.0 2104
1760909108206 22.0 2105
1760909108365 22.0 2106
1760909108519 22.0 2107
1760909108675 22.0 2108
1760909108831 22.0 2109
1760909108986 22.0 2110
1760909109164 22.0 2111
1760909109324 22.0 2112
1760909109532 22.0 2113
1760909109695 22.0 2114
1760909109855 22.0 2115
1760909194715 22.0 2116
1760909194899 22.0 2117
1760909195057 22.0 2118
1760909195212 22.0 2119
1760909195364 22.0 2120
1760909195587 22.0 2121
1760909195810 22.0 2122
1760909195974 22.0 2123
1760909196134 22.0 2124
1760909196291 22.0 2125
1760909196514 22.0 2126
1760909196685 22.0 2127
1760909196845 22.0 2128
1760909197019 22.0 2129
1760909197180 22.0 2130
1760909197448 22.0 2131
1760909279266 22.0 2132
1760909279460 22.0 2133
1760909279615 22.0 2134
1760909279787 22.0 2135
1760909279947 22.0 2136
1760909280106 22.0 2137
1760909280311 22.0 2138
1760909280475 22.0 2139
1760909280680 22.0 2140
1760909280884 22.0 2141
1760909281041 22.0 2142
1760909281331 22.0 2143
1760909281490 22.0 2144
1760909281641 22.0 2145
1760909281797 22.0 2146
1760909281958 22.0 2147
1760909349029 22.0 2148
1760909349255 22.0 2149
1760909349451 22.0 2150
1760909349606 22.0 2151
1760909349757 22.0 2152
1760909349912 22.0 2153
1760909350068 22.0 2154
1760909350221 22.0 2155
1760909350378 22.0 2156
1760909350537 22.0 2157
1760909350692 22.0 2158
1760909350851 22.0 2159
1760909351005 22.0 2160
1760909351092 22.0 2161
1760909427638 22.0 2161
1760909514861 23.0 2162
1760909515041 23.0 2163
1760909515313 23.0 2164
1760909515470 23.0 2165
1760909515666 23.0 2166
1760909515821 23.0 2167
1760909515976 23.0 2168
1760909516215 23.0 2169
1760909516369 23.0 2170
1760909516521 23.0 2171
1760909516673 23.0 2172
1760909516844 23.0 2173
1760909517052 23.0 2174
1760909517206 23.0 2175
1760909517375 23.0 2176
1760909517588 23.0 2177
1760909600173 23.0 2178
1760909600417 23.0 2179
1760909600575 23.0 2180
1760909600734 23.0 2181
1760909600894 23.0 2182
1760909601067 23.0 2183
1760909601222 23.0 2184
1760909601443 23.0 2185
1760909601643 23.0 2186
1760909601825 23.0 2187
1760909602054 23.0 2188
1760909602315 23.0 2189
1760909602567 23.0 2190
1760909602746 23.0 2191
1760909602950 23.0 2192
1760909603152 23.0 2193
1760909686172 23.0 2194
1760909686339 23.0 2195
1760909686493 23.0 2196
1760909686648 23.0 2197
1760909686815 23.0 2198
1760909686974 23.0 2199
1760909687208 23.0 2200
1760909687369 23.0 2201
1760909687523 23.0 2202
1760909687737 23.0 2203
1760909687900 23.0 2204
1760909688104 23.0 2205
1760909688270 23.0 2206
1760909688480 23.0 2207
1760909688646 23.0 2208
1760909688799 23.0 2209
1760909768359 23.0 2210
1760909768533 23.0 2211
1760909768694 23.0 2212
1760909768863 23.0 2213
1760909769023 23.0 2214
1760909769179 23.0 2215
1760909769382 23.0 2216
1760909769542 23.0 2217
1760909769695 23.0 2218
1760909769987 23.0 2219
1760909770142 23.0 2220
1760909770296 23.0 2221
1760909770515 23.0 2222
1760909770684 23.0 2223
1760909770908 23.0 2224
1760909771068 23.0 2225
1760909850106 23.0 2226
1760909850275 23.0 2227
1760909850433 23.0 2228
1760909850587 23.0 2229
1760909850751 23.0 2230
1760909850959 23.0 2231
1760909851124 23.0 2232
1760909851288 23.0 2233
1760909851444 23.0 2234
1760909851606 23.0 2235
1760909851761 23.0 2236
1760909851957 23.0 2237
1760909852109 23.0 2238
1760909852304 23.0 2239
1760909852530 23.0 2240
1760909852687 23.0 2241
1760909927751 23.0 2242
1760909927909 23.0 2243
1760909928062 23.0 2244
1760909928215 23.0 2245
1760909928369 23.0 2246
1760909928521 23.0 2247
1760909928679 23.0 2248
1760909928832 23.0 2249
1760909928986 23.0 2250
1760909929139 23.0 2251
1760909929290 23.0 2252
1760909929441 23.0 2253
1760909929594 23.0 2254
1760909929676 23.0 2255
1760943184829 23.0 2255
