1760896268905 1.1523836188022294 0
1760896269160 1.1260013362481414 1
1760896269365 1.1044967185397159 2
1760896269524 1.0839731868891263 3
1760896269688 1.0642144362089252 4
1760896269908 1.0452892088704424 5
1760896270072 1.0289592565721042 6
1760896270238 1.0153097532925344 7
1760896270394 0.9995152204932123 8
1760896270593 0.9860677827413231 9
1760896270744 0.9718195165505441 10
1760896270907 0.958294126343644 11
1760896271107 0.944360850921802 12
1760896271308 0.9330999565901392 13
1760896271475 0.9214640207654825 14
1760896271628 0.9097225244220086 15
1760896349259 0.8995306425510972 16
1760896349756 0.8892463956965424 17
1760896349977 0.8796931969466572 18
1760896350131 0.8712252576291555 19
1760896350328 0.8642556901714498 20
1760896350486 0.8543907376707742 21
1760896350642 0.846699990373079 22
1760896350915 0.8419396904013443 23
1760896351077 0.8352479985612319 24
1760896351229 0.8284504256098736 25
1760896351484 0.8261628607023179 26
1760896351642 0.8187535757830353 27
1760896351852 0.8143401419941447 28
1760896352159 0.8097486968413246 29
1760896352358 0.8048595196310704 30
1760896352566 0.8014479697372824 31
1760896433894 0.7973722870780569 32
1760896434069 0.7931765704283091 33
1760896434230 0.7873059559142888 34
1760896434386 0.7839892787781394 35
1760896434560 0.7796541995025541 36
1760896434728 0.7762020042682318 37
1760896434886 0.7729990699230586 38
1760896435093 0.7694315302460562 39
1760896435253 0.7653675991389136 40
1760896435427 0.7638847870415988 41
1760896435624 0.7594497176438619 42
1760896435778 0.7555413878730143 43
1760896435944 0.7524966989620048 44
1760896436114 0.7493314314668174 45
1760896436280 0.7450432601104605 46
1760896436503 0.7417422457413352 47
1760896515599 0.7397573138817116 48
1760896515797 0.7347162453199918 49
1760896516003 0.732397092688697 50
1760896516204 0.7286278777785922 51
1760896516417 0.7248908950643009 52
1760896516571 0.7219016152394133 53
1760896516729 0.7181319097766441 54
1760896516890 0.7141870885265957 55
1760896517043 0.7115920135851179 56
1760896517196 0.7092667475813257 57
1760896517404 0.704150928758239 58
1760896517666 0.7012625936712191 59
1760896517830 0.6988769438547622 60
1760896518045 0.6951778264793846 61
1760896518210 0.6916696330068098 62
1760896518432 0.6878771587385573 63
1760896597447 0.6853773027712154 64
1760896597608 0.6807034082432128 65
1760896597757 0.676684400661119 66
1760896597921 0.6725091539869534 67
1760896598127 0.6693963196231097 68
1760896598279 0.6662400441814931 69
1760896598473 0.6613049547865046 70
1760896598639 0.6578803724360529 71
1760896598794 0.6547620259449117 72
1760896598991 0.6498592411182467 73
1760896599199 0.6449488303414543 74
1760896599402 0.6432261709536815 75
1760896599569 0.63865343314072 76
1760896599728 0.6340495420685829 77
1760896599938 0.6291459671853641 78
1760896600097 0.6272704743943942 79
1760896667660 0.622933857879096 80
1760896667831 0.6191980001846329 81
1760896667980 0.6155200543263493 82
1760896668132 0.6115531277882534 83
1760896668285 0.6073511491134449 84
1760896668436 0.6039165495620201 85
1760896668588 0.5995756474933859 86
1760896668744 0.5967840251080266 87
1760896668900 0.5942103452341296 88
1760896669055 0.591424377960885 89
1760896669210 0.5882724777856901 90
1760896669363 0.5830262946327078 91
1760896669510 0.5799748050773211 92
1760896669597 0.5762781203371994 93
1760896836014 0.5734553110381001 94
1760896836266 0.5693490435390312 95
1760896836423 0.5665061375512384 96
1760896836728 0.5626385102215716 97
1760896836897 0.5581958779760607 98
1760896837057 0.5557685710248839 99
1760896837226 0.5532303171573354 100
1760896837405 0.5496046305333062 101
1760896837564 0.5461689609796337 102
1760896837720 0.5438318722923557 103
1760896837873 0.5408853194242219 104
1760896838024 0.5370956154570903 105
1760896838176 0.534404622572679 106
1760896838331 0.5322237378686206 107
1760896838487 0.5290786480239171 108
1760896838637 0.5262729330505598 109
1760896920602 0.5228883331567364 110
1760896921760 0.520473228657103 111
1760896922110 0.5170436612258469 112
1760896922264 0.5138963490252095 113
1760896922422 0.5117633769783334 114
1760896922660 0.509663785390007 115
1760896922819 0.50576572509586 116
1760896922989 0.5046522825461093 117
1760896923197 0.4998135009646228 118
1760896923362 0.49793493650967124 119
1760896923528 0.49527882609852136 120
1760896923742 0.4937575510990527 121
1760896923914 0.48937763130569023 122
1760896924128 0.4875249429340487 123
1760896924312 0.4847581862892252 124
1760896924474 0.4810031732516816 125
1760897003410 0.47904908039033856 126
1760897003800 0.4770687735829179 127
1760897003976 0.4722346229447554 128
1760897004129 0.4708641695593704 129
1760897004325 0.4679043429181633 130
1760897004483 0.46637697930940425 131
1760897004640 0.46335212237984247 132
1760897004811 0.4605711664797494 133
1760897004977 0.4573201205777173 134
1760897005141 0.45552608465441136 135
1760897005295 0.4529432086713671 136
1760897005469 0.44929140417115765 137
1760897005673 0.4475722389769762 138
1760897005825 0.44466481649342493 139
1760897005975 0.442544930557506 140
1760897006126 0.4392614012698266 141
1760897087172 0.4369217661322841 142
1760897087400 0.4333363345038642 143
1760897087557 0.43162501350539806 144
1760897087714 0.42892579008070497 145
1760897087910 0.42728806183038825 146
1760897088061 0.4248248975856117 147
1760897088223 0.4224897701839192 148
1760897088377 0.4187862605570289 149
1760897088534 0.41686593808304256 150
1760897088694 0.4148947493111536 151
1760897088857 0.4115715912713623 152
1760897089062 0.4088396434416438 153
1760897089244 0.40647410663625716 154
1760897089412 0.404065984868474 155
1760897089571 0.40155264714070305 156
1760897089739 0.39874966176202475 157
1760897171344 0.39577048366962386 158
1760897171637 0.3943838985319281 159
1760897171798 0.3915841384293379 160
1760897172053 0.38973821058898256 161
1760897172213 0.3874990979835795 162
1760897172365 0.38464557559827284 163
1760897172533 0.3826904263536448 164
1760897172702 0.3805561336178692 165
1760897172874 0.3772855374962545 166
1760897173094 0.3750801523489715 167
1760897173245 0.37400895487276287 168
1760897173455 0.3715745765035747 169
1760897173609 0.3697322975849278 170
1760897173762 0.3663590465923422 171
1760897173956 0.36438596730688 172
1760897174160 0.3615126199528347 173
1760897239878 0.3602630168574663 174
1760897240048 0.3583093598141128 175
1760897240204 0.3556120797998287 176
1760897240355 0.3533893227553213 177
1760897240507 0.3503171356628708 178
1760897240659 0.3484840900126336 179
1760897240813 0.34823282963538965 180
1760897240965 0.3447565920044467 181
1760897241121 0.34319397642305494 182
1760897241279 0.34144122574542635 183
1760897241434 0.33963160113452606 184
1760897241585 0.33708005026739396 185
1760897241739 0.3339780570153851 186
1760897241823 0.3317479169176702 187
1760897405079 0.33060450963776056 188
1760897405309 0.3302949027352327 189
1760897405482 0.32748396219286524 190
1760897405662 0.32425952171558 191
1760897405833 0.3231501803323525 192
1760897406087 0.3207313861620834 193
1760897406286 0.32018697150949615 194
1760897406442 0.31790202046677507 195
1760897406644 0.31450849684439397 196
1760897406806 0.31543286361732215 197
1760897406975 0.31293730067753067 198
1760897407131 0.3106319594932199 199
1760897407292 0.3070431475455945 200
1760897407464 0.3067846872066238 201
1760897407636 0.30500281101825444 202
1760897407792 0.3039710928599435 203
1760897492157 0.30044328472349124 204
1760897492447 0.29871418541781275 205
1760897492604 0.2975020388149294 206
1760897492962 0.2969419313413399 207
1760897493166 0.29559791420110293 208
1760897493327 0.292018211093884 209
1760897493484 0.2906334842653169 210
1760897493647 0.288973883825997 211
1760897493844 0.28827734181286147 212
1760897494016 0.2858148589439262 213
1760897494173 0.2856640266685539 214
1760897494335 0.28442606323287895 215
1760897494537 0.28167333440863396 216
1760897494697 0.2782723266889539 217
1760897494859 0.2780362817918673 218
1760897495026 0.27781405436766865 219
1760897577994 0.2755109120034972 220
1760897578187 0.27381146808334345 221
1760897578346 0.2722141859334437 222
1760897578505 0.2716994465365936 223
1760897578713 0.27073065030010984 224
1760897578876 0.267679724501933 225
1760897579040 0.2664134322744023 226
1760897579226 0.2663271141582547 227
1760897579384 0.2645238793864662 228
1760897579542 0.2624774251216906 229
1760897579721 0.2586551773963198 230
1760897579892 0.2605191459080026 231
1760897580107 0.2584110111908986 232
1760897580265 0.25677381045094927 233
1760897580468 0.25671991524107046 234
1760897580622 0.2551252836096408 235
1760897663861 0.2521788716916208 236
1760897664044 0.2524742550083291 237
1760897664208 0.2484381335733823 238
1760897664413 0.2485938722956454 239
1760897664652 0.24687100831204326 240
1760897664816 0.24506592600567179 241
1760897664968 0.24589972494238144 242
1760897665136 0.24345427220429378 243
1760897665354 0.24234729666121135 244
1760897665556 0.24049951205225917 245
1760897665756 0.2398082897327125 246
1760897665913 0.23797382634055772 247
1760897666177 0.23722235916378534 248
1760897666343 0.23575955156134829 249
1760897666506 0.2350806971527891 250
1760897666689 0.23435547025673928 251
1760897746812 0.23245407549276798 252
1760897747065 0.2331884739332928 253
1760897747273 0.22985465924126802 254
1760897747587 0.2297814103367659 255
1760897747742 0.2284595140736017 256
1760897747904 0.22678758902826884 257
1760897748065 0.2265916115646472 258
1760897748251 0.22506839223913888 259
1760897748447 0.22360611209879838 260
1760897748650 0.22095558678297525 261
1760897748856 0.2213130285414976 262
1760897749019 0.22058155101759178 263
1760897749180 0.21875953839486223 264
1760897749383 0.21680134254021108 265
1760897749552 0.215732201434901 266
1760897749729 0.21645839880057044 267
1760897821178 0.21459773766814494 268
1760897821340 0.21325049392383863 269
1760897821498 0.21252660954468244 270
1760897821656 0.21223075728602506 271
1760897821808 0.2099868721360854 272
1760897821960 0.20998757531276843 273
1760897822111 0.20708998589616714 274
1760897822271 0.20855960031865203 275
1760897822422 0.20755627153688222 276
1760897822577 0.20686192934590036 277
1760897822732 0.20471612132799238 278
1760897822883 0.20380148599069414 279
1760897823038 0.20293710476269355 280
1760897823119 0.20173562259384287 281
1760897987517 0.2015401018929158 282
1760897987890 0.19963309479596422 283
1760897988090 0.19922732591684233 284
1760897988251 0.20011967660372393 285
1760897988461 0.19660032075771286 286
1760897988614 0.19504998932126139 287
1760897988768 0.19741823634363354 288
1760897988922 0.19424594080418 289
1760897989074 0.1931153142742273 290
1760897989229 0.19343425800365988 291
1760897989406 0.19374782761604076 292
1760897989604 0.19137108802711822 293
1760897989756 0.19094544637207114 294
1760897989913 0.1893114700774597 295
1760897990066 0.18896245269769033 296
1760897990283 0.18713355123253855 297
1760898067775 0.18761346431946005 298
1760898067943 0.1878403141926707 299
1760898068148 0.1850632178533457 300
1760898068357 0.18373311727521874 301
1760898068614 0.18488321593687962 302
1760898068785 0.18340179398608278 303
1760898068994 0.182359085441192 304
1760898069201 0.18179167701173599 305
1760898069356 0.1808688261143986 306
1760898069520 0.17957932463731804 307
1760898069674 0.17912580598024144 308
1760898069828 0.17895144489782877 309
1760898069982 0.17682820857745435 310
1760898070139 0.17764768735161046 311
1760898070298 0.17927375972080145 312
1760898070539 0.1751854286195943 313
1760898149357 0.17543381292813703 314
1760898149580 0.17419037210527388 315
1760898149758 0.17470016056841445 316
1760898149969 0.17525551946528328 317
1760898150152 0.1724905981065016 318
1760898150366 0.17134738247922224 319
1760898150564 0.1719945413890492 320
1760898150717 0.17025442080513298 321
1760898150871 0.16917351937449598 322
1760898151040 0.16813800015378086 323
1760898151250 0.16899289643925086 324
1760898151445 0.1686660979239743 325
1760898151617 0.16634730220278482 326
1760898151786 0.16707869720573643 327
1760898151998 0.16623673558269011 328
1760898152153 0.1642942178142703 329
1760898231186 0.163331766283295 330
1760898231477 0.16396535216903257 331
1760898231705 0.16285919814745486 332
1760898231872 0.16165465264479684 333
1760898232028 0.1632775978826284 334
1760898232237 0.16133072445696353 335
1760898232411 0.16056736623183748 336
1760898232563 0.159419215011876 337
1760898232714 0.15964613462822555 338
1760898232882 0.15889702194691646 339
1760898233061 0.1590663193390957 340
1760898233213 0.15846866093919798 341
1760898233377 0.1570268046768551 342
1760898233591 0.15497730433833595 343
1760898233771 0.15775845713731385 344
1760898233933 0.15484420016683204 345
1760898313222 0.1558912765941157 346
1760898313415 0.15467243426393612 347
1760898313575 0.1543440110788223 348
1760898313730 0.15267365474540368 349
1760898314024 0.15187156965891196 350
1760898314176 0.1536205973851023 351
1760898314406 0.1520688124257928 352
1760898314609 0.15317171350775585 353
1760898314809 0.15044105576938271 354
1760898314962 0.15377530290397093 355
1760898315154 0.14946385901868303 356
1760898315359 0.1500373253780602 357
1760898315512 0.14918063644529206 358
1760898315673 0.1493254661532142 359
1760898315828 0.14883199520965668 360
1760898315987 0.1489783010091933 361
1760898383969 0.14786450765732412 362
1760898384152 0.14563131308574595 363
1760898384306 0.1459176660945815 364
1760898384462 0.14521930063545205 365
1760898384617 0.14634788686297653 366
1760898384767 0.14640828420046392 367
1760898384925 0.14495808116945433 368
1760898385079 0.1457660376211699 369
1760898385231 0.14479387823588308 370
1760898385381 0.14201478919587723 371
1760898385536 0.14176027473494715 372
1760898385690 0.14092378640317413 373
1760898385839 0.14099086472812059 374
1760898385925 0.14113318994299512 375
1760898549345 0.14047803618688615 376
1760898549529 0.13952276383163592 377
1760898549731 0.14084100951381726 378
1760898549986 0.13932399893178543 379
1760898550144 0.1400772837881228 380
1760898550305 0.13887428002648033 381
1760898550484 0.13823527689966122 382
1760898550678 0.13769076051260473 383
1760898550841 0.1379708974804254 384
1760898550998 0.13560196135634678 385
1760898551160 0.13647378958455642 386
1760898551372 0.13646663042532686 387
1760898551535 0.13408838240562754 388
1760898551689 0.13395060091595992 389
1760898551842 0.13485214434788062 390
1760898552006 0.1333408531506244 391
1760898633777 0.13326697764090567 392
1760898633983 0.13311311840990833 393
1760898634179 0.1346298960100745 394
1760898634387 0.13528845553730212 395
1760898634540 0.13334378406466912 396
1760898634736 0.13146438266428995 397
1760898634971 0.13213596401351946 398
1760898635134 0.1309931662592472 399
1760898635350 0.12988650604859336 400
1760898635518 0.13002745936054014 401
1760898635679 0.13138128874151261 402
1760898635857 0.1299560765825463 403
1760898636076 0.1302990758007201 404
1760898636230 0.1311744413273181 405
1760898636440 0.12740541593683263 406
1760898636599 0.1295089183265941 407
1760898716980 0.12894021250388193 408
1760898717147 0.1266387205647441 409
1760898717364 0.12801948431974502 410
1760898717535 0.12960981375344194 411
1760898717704 0.1278235596450097 412
1760898717856 0.12610543928053483 413
1760898718008 0.1262618351437883 414
1760898718164 0.12684758089829734 415
1760898718388 0.12538156326959782 416
1760898718557 0.12416366760074632 417
1760898718719 0.12443614273102026 418
1760898718921 0.12380994501075512 419
1760898719087 0.12434849278040962 420
1760898719258 0.12204695284989979 421
1760898719425 0.12362804270544742 422
1760898719579 0.1215138227145221 423
1760898803627 0.12312751683212161 424
1760898803834 0.12286981619602544 425
1760898804168 0.12164430988184437 426
1760898804403 0.12201737982437566 427
1760898804558 0.12209389845041987 428
1760898804717 0.12082509581065008 429
1760898804930 0.12073110310429003 430
1760898805144 0.12027668132113263 431
1760898805302 0.12170648792601746 432
1760898805520 0.11978951318927877 433
1760898805677 0.11903038136460334 434
1760898805860 0.1206786150777032 435
1760898806047 0.11911948319657956 436
1760898806209 0.11989873793066241 437
1760898806385 0.11927735909698073 438
1760898806539 0.11796450179043945 439
1760898886762 0.11642771333495244 440
1760898886926 0.11840630278973213 441
1760898887090 0.11820599833330381 442
1760898887243 0.11665007001152505 443
1760898887423 0.11749273828017932 444
1760898887585 0.11672668212631723 445
1760898887834 0.11796162920151773 446
1760898888043 0.114887454063661 447
1760898888241 0.11651325463260177 448
1760898888414 0.11584443577101954 449
1760898888581 0.1142347278837312 450
1760898888753 0.11448955307469427 451
1760898888911 0.11588872986836894 452
1760898889181 0.11517186742486693 453
1760898889409 0.11225305357596783 454
1760898889577 0.11407017996011579 455
1760898961346 0.11420600722836297 456
1760898961506 0.11214097844051829 457
1760898961663 0.11375416612308106 458
1760898961818 0.11149941437726499 459
1760898961970 0.11242249995208191 460
1760898962124 0.11205095568425157 461
1760898962282 0.1117975692825025 462
1760898962434 0.11226815302718349 463
1760898962588 0.11265724044385629 464
1760898962748 0.11137392493412966 465
1760898962901 0.11064573226271507 466
1760898963055 0.11197417750324047 467
1760898963210 0.11065333181070638 468
1760898963293 0.11234504248202462 469
1760899127625 0.10872306672096337 470
1760899127788 0.11056856891169575 471
1760899127967 0.11017269268789276 472
1760899128276 0.11062755901045322 473
1760899128476 0.1097679682622952 474
1760899128631 0.1091626436217694 475
1760899128786 0.10796597001388142 476
1760899128942 0.109699052338568 477
1760899129100 0.1106662832383304 478
1760899129275 0.11054320674868853 479
1760899129435 0.10769650999042077 480
1760899129632 0.10928724912929406 481
1760899129787 0.10972203067504407 482
1760899129958 0.107107494574438 483
1760899130167 0.11049401064484063 484
1760899130396 0.1094475789171985 485
1760899211669 0.1098810454317897 486
1760899211840 0.10809002043842555 487
1760899212004 0.10918691984275103 488
1760899212386 0.10947904090677796 489
1760899212540 0.10686958040040402 490
1760899212716 0.10776212570321697 491
1760899212915 0.10589478330017744 492
1760899213159 0.10561098140215987 493
1760899213312 0.10517771559973116 494
1760899213477 0.10783886529928687 495
1760899213634 0.10541992132762806 496
1760899213853 0.1059613866056249 497
1760899214006 0.10499744630830786 498
1760899214175 0.10416440676277944 499
1760899214409 0.10541031972850964 500
1760899214627 0.10464531455832492 501
1760899295464 0.10497927689599562 502
1760899295625 0.10556784821056749 503
1760899295777 0.10422300440110346 504
1760899296214 0.10487725722587679 505
1760899296385 0.10340633070683053 506
1760899296563 0.10189758480999654 507
1760899296742 0.1027892180969609 508
1760899296962 0.10117749948881519 509
1760899297121 0.10210255952614308 510
1760899297302 0.10289432970562196 511
1760899297466 0.10293447006232584 512
1760899297624 0.10184503877897239 513
1760899297840 0.10095205626583552 514
1760899298112 0.1025435760265226 515
1760899298353 0.10391655097444878 516
1760899298576 0.10025825472095887 517
1760899379616 0.10178755428410469 518
1760899379921 0.10074045461650485 519
1760899380157 0.10058175966269599 520
1760899380326 0.10109647920889675 521
1760899380503 0.10098226086323076 522
1760899380671 0.10094416389429428 523
1760899380853 0.10243268913382113 524
1760899381100 0.10043636094830019 525
1760899381259 0.09999717003367439 526
1760899381458 0.10042382274404481 527
1760899381617 0.09848956965864084 528
1760899381812 0.09880455687760262 529
1760899381972 0.09966340063190375 530
1760899382130 0.09653470391564004 531
1760899382290 0.09924577671904301 532
1760899382496 0.09868360113473196 533
1760899464728 0.09866249185079923 534
1760899464962 0.09984072578619173 535
1760899465157 0.09849723128786828 536
1760899465410 0.09789944510821613 537
1760899465562 0.09761173667844628 538
1760899465717 0.09687969273089622 539
1760899465877 0.09941283743053636 540
1760899466077 0.0966220377574024 541
1760899466251 0.0982039205201116 542
1760899466407 0.09725703286625674 543
1760899466559 0.09699968266279654 544
1760899466714 0.09707693530927838 545
1760899466918 0.09485523609577198 546
1760899467079 0.0971196892466786 547
1760899467256 0.09553898949630608 548
1760899467420 0.09732735886417879 549
1760899538245 0.09718532208679215 550
1760899538450 0.09554569406499387 551
1760899538603 0.09700122049823903 552
1760899538764 0.09660809284202478 553
1760899538916 0.0949725530613138 554
1760899539065 0.09440420060131756 555
1760899539224 0.09487267984209118 556
1760899539382 0.09624035636159417 557
1760899539532 0.09518549916836427 558
1760899539687 0.09395429088384419 559
1760899539837 0.09653690372077484 560
1760899539987 0.09545161145886127 561
1760899540140 0.09423204817667939 562
1760899540226 0.09340333192030084 563
1760899712479 0.09285568793995864 564
1760899712749 0.09376162420214956 565
1760899712954 0.09476484773819133 566
1760899713258 0.09269635354379226 567
1760899713426 0.09297620546231322 568
1760899713596 0.09212521254014794 569
1760899713757 0.0948259808996095 570
1760899713912 0.09388781181632969 571
1760899714100 0.09474650287313147 572
1760899714255 0.0933694033873358 573
1760899714420 0.09296546627849162 574
1760899714575 0.09247441016183722 575
1760899714785 0.09263561447992888 576
1760899714954 0.0940079507280108 577
1760899715154 0.09304387816915718 578
1760899715355 0.09169792232185671 579
1760899796823 0.09118476965862345 580
1760899797091 0.09069804323985625 581
1760899797247 0.09185244978457224 582
1760899797402 0.0903769455772783 583
1760899797606 0.09154135676551901 584
1760899797764 0.09064539191199228 585
1760899797920 0.09338385681882057 586
1760899798075 0.09118600526952772 587
1760899798271 0.0912424100932556 588
1760899798429 0.09218974790962967 589
1760899798590 0.09302802092335233 590
1760899798792 0.09043728510215676 591
1760899798956 0.09192782148735051 592
1760899799160 0.09134381404850658 593
1760899799371 0.09038037965947421 594
1760899799539 0.08961185328165061 595
1760899885553 0.08921422411166582 596
1760899885734 0.09085216950255182 597
1760899885890 0.09047644845682161 598
1760899886104 0.08832879129598972 599
1760899886323 0.08939614553491099 600
1760899886498 0.09029696549291576 601
1760899886656 0.08874324288808313 602
1760899886810 0.08942147657180129 603
1760899886970 0.08830264524699603 604
1760899887177 0.09022327954459143 605
1760899887378 0.08977656578036192 606
1760899887531 0.08981096740564527 607
1760899887757 0.0882690199170133 608
1760899887908 0.08997221302374489 609
1760899888073 0.09054456611145965 610
1760899888247 0.08791706428570435 611
1760899969890 0.0886024790698455 612
1760899970260 0.0884739832426581 613
1760899970499 0.08973370482671827 614
1760899970668 0.08811359259382412 615
1760899970881 0.08972914163879894 616
1760899971068 0.08835039643229198 617
1760899971226 0.08686358432999092 618
1760899971417 0.08647447558970889 619
1760899971571 0.08718840601782982 620
1760899971780 0.08833466649703303 621
1760899972001 0.08860027791549013 622
1760899972169 0.08890897832465422 623
1760899972336 0.08671414368685507 624
1760899972535 0.08905603389220963 625
1760899972730 0.0872061049012845 626
1760899972891 0.08849193356218413 627
1760900053034 0.08608385260966367 628
1760900053321 0.08624867874210937 629
1760900053534 0.0873429771615232 630
1760900053694 0.08703697348959184 631
1760900053860 0.0865587659501045 632
1760900054021 0.08624074414179422 633
1760900054227 0.0886872102996803 634
1760900054399 0.08492037751534873 635
1760900054560 0.08516269758502004 636
1760900054720 0.08744682428327538 637
1760900054908 0.08536361359513676 638
1760900055090 0.08658336699245145 639
1760900055255 0.08692285164688152 640
1760900055413 0.08521602053114458 641
1760900055569 0.08505845485735297 642
1760900055731 0.0853797970358622 643
1760900126725 0.08430111682058022 644
1760900127040 0.0845591939146358 645
1760900127200 0.08516337587849748 646
1760900127355 0.08516224352511288 647
1760900127511 0.08552199031175921 648
1760900127664 0.08476931528861908 649
1760900127819 0.08284074530744347 650
1760900127970 0.08421503798977009 651
1760900128125 0.08614078088363952 652
1760900128281 0.08264459021482337 653
1760900128430 0.08441898432057185 654
1760900128582 0.0858823110422117 655
1760900128740 0.08526490238645751 656
1760900128821 0.0851087391845197 657
1760900290453 0.083253289257594 658
1760900290651 0.0846414993782849 659
1760900290832 0.08386862100372884 660
1760900291000 0.08306289580539294 661
1760900291200 0.08388599859852651 662
1760900291382 0.08389477496436873 663
1760900291597 0.08399793863907154 664
1760900291761 0.08372951275192525 665
1760900291934 0.08359853568532219 666
1760900292134 0.0827578465958683 667
1760900292290 0.08476978447896999 668
1760900292471 0.083119217033889 669
1760900292635 0.08350134093115467 670
1760900292842 0.08444156939325731 671
1760900293010 0.08287609693083632 672
1760900293165 0.08191686864705958 673
1760900371887 0.08180066473280935 674
1760900372580 0.08321113991890487 675
1760900372750 0.0814428394309081 676
1760900372918 0.08301971925673864 677
1760900373124 0.08083763648794716 678
1760900373436 0.08221786949510249 679
1760900373593 0.08308176843581472 680
1760900373748 0.08451435431798898 681
1760900373915 0.08051001248178463 682
1760900374181 0.07958909399994087 683
1760900374387 0.08096413128133441 684
1760900374540 0.08006758783170645 685
1760900374738 0.08259416807159112 686
1760900374894 0.08096998609214556 687
1760900375058 0.08125461296775591 688
1760900375214 0.0829593700683648 689
1760900452113 0.08123988884996913 690
1760900452718 0.080407513483958 691
1760900452887 0.07997823499463311 692
1760900453105 0.08108014603357758 693
1760900453280 0.08111542781824108 694
1760900453989 0.08068512197595454 695
1760900454158 0.08060447113956037 696
1760900454312 0.08101505086730634 697
1760900454488 0.07933177066537596 698
1760900454659 0.08180160490288915 699
1760900454821 0.07991611448959171 700
1760900454972 0.08120608344826441 701
1760900455133 0.0800802594373515 702
1760900455331 0.08098431806667472 703
1760900455578 0.07983754337062665 704
1760900455793 0.08230943806661033 705
1760900535721 0.07873478449907556 706
1760900536626 0.07881261372638981 707
1760900536825 0.08112669523194871 708
1760900536979 0.08050434790344187 709
1760900537330 0.08006748207829377 710
1760900537737 0.07758021489479494 711
1760900537954 0.07826783009949803 712
1760900538118 0.07844315836836516 713
1760900538293 0.07835921216298086 714
1760900538511 0.08179926366931037 715
1760900538677 0.08018523078364483 716
1760900538893 0.07977564789847814 717
1760900539054 0.07978257819456194 718
1760900539250 0.0793276752432751 719
1760900539433 0.07966635657816766 720
1760900539593 0.07704366684361227 721
1760900621525 0.07832823348807198 722
1760900622191 0.07871982630473809 723
1760900622358 0.07900230425562907 724
1760900622574 0.07859017874988636 725
1760900622727 0.07719315790931124 726
1760900622885 0.07741382629157445 727
1760900623042 0.07807655889425524 728
1760900623196 0.07997793280251031 729
1760900623354 0.08006713475648172 730
1760900623504 0.07746357189639996 731
1760900623658 0.07809082730588746 732
1760900623853 0.07775855055210788 733
1760900624016 0.08092296405494662 734
1760900624172 0.07780611456392966 735
1760900624379 0.07679871159588028 736
1760900624592 0.07516130797296955 737
1760900695392 0.08128397176633126 738
1760900695832 0.0769454577809969 739
1760900695988 0.07767501428749884 740
1760900696144 0.0763227566589723 741
1760900696296 0.07534340971494737 742
1760900696453 0.0760659790797012 743
1760900696602 0.07690749532126274 744
1760900696750 0.07760616767212514 745
1760900696909 0.07726583978458942 746
1760900697068 0.07762676083832801 747
1760900697216 0.07688776433812022 748
1760900697365 0.07684921047256833 749
1760900697525 0.0766910469975601 750
1760900697610 0.0770928744013145 751
1760900864049 0.07724056056703546 752
1760900864226 0.07338814006540632 753
1760900864430 0.0759497783558415 754
1760900864585 0.07635860458939478 755
1760900864738 0.07448049728478459 756
1760900864905 0.07692857948442819 757
1760900865065 0.07550247709512603 758
1760900865267 0.07576657854975483 759
1760900865423 0.07455140199415622 760
1760900865578 0.07523908492463532 761
1760900865754 0.07591504460428929 762
1760900865921 0.07512945298563692 763
1760900866081 0.07442829683116824 764
1760900866237 0.07354152528160429 765
1760900866397 0.07608571000858212 766
1760900866554 0.07581481485606437 767
1760900945826 0.07504884581848567 768
1760900946031 0.07444223941208852 769
1760900946868 0.07320095470481214 770
1760900947048 0.07584127617889039 771
1760900947204 0.07416084596671055 772
1760900947399 0.0740081771778811 773
1760900947594 0.0716327248782007 774
1760900947751 0.07393720262109571 775
1760900947931 0.07215626859365593 776
1760900948131 0.07341112080770049 777
1760900948283 0.07234400846574446 778
1760900948462 0.07257552733875902 779
1760900948634 0.07098604388387739 780
1760900948833 0.074036896773235 781
1760900948990 0.07083254062422063 782
1760900949162 0.07168564849563516 783
1760901031231 0.07488103590616862 784
1760901031666 0.07171550776740718 785
1760901031994 0.07295542884085415 786
1760901032268 0.06884244766450029 787
1760901032430 0.07225486640716111 788
1760901032643 0.07231020917457227 789
1760901032817 0.07325554306385398 790
1760901032982 0.07079037390405697 791
1760901033181 0.0718513080909722 792
1760901033384 0.07224791803321252 793
1760901033537 0.07172856194756949 794
1760901033688 0.07085846905526813 795
1760901033854 0.07178985877547846 796
1760901034070 0.07259837939385276 797
1760901034243 0.07378955878156429 798
1760901034446 0.07377666513147162 799
1760901116404 0.07062216166505403 800
1760901116571 0.07119792359905497 801
1760901117219 0.07177524400870755 802
1760901117464 0.0705022788497496 803
1760901117644 0.07252258686604388 804
1760901118015 0.07353685518755461 805
1760901118179 0.0721570791900603 806
1760901118344 0.0698023756092285 807
1760901118496 0.0695821518926991 808
1760901118654 0.07125944146479633 809
1760901118828 0.07100416689436292 810
1760901119054 0.06975764916371269 811
1760901119281 0.07043082606280698 812
1760901119445 0.07040237333167801 813
1760901119607 0.07019237529675965 814
1760901119772 0.06929615474319178 815
1760901201421 0.07006179173034827 816
1760901201588 0.06987683909783246 817
1760901201745 0.06851931945375135 818
1760901201941 0.06830633727966798 819
1760901202101 0.0689187548467208 820
1760901202292 0.06990001228046636 821
1760901202496 0.06858877954521274 822
1760901202651 0.06881302782053789 823
1760901202804 0.0696707277075351 824
1760901203004 0.06932772666798484 825
1760901203173 0.06909775859073841 826
1760901203369 0.06829864713675729 827
1760901203565 0.06863451073490762 828
1760901203764 0.06914297014885482 829
1760901203915 0.06817313829256393 830
1760901204132 0.0702513667360544 831
1760901275105 0.06781884071297369 832
1760901275282 0.06942890992106796 833
1760901275434 0.06966197352057171 834
1760901275587 0.06962029283932941 835
1760901275744 0.06931532591500164 836
1760901275900 0.06934395435105878 837
1760901276052 0.06890722896123425 838
1760901276206 0.06854025950416003 839
1760901276359 0.06685636211346346 840
1760901276513 0.0665413015022597 841
1760901276669 0.0678717329042678 842
1760901276818 0.06678366318072114 843
1760901276971 0.06770382745218696 844
1760901277056 0.06783001277470982 845
1760901439768 0.06840186052602801 846
1760901439987 0.06693999701687603 847
1760901440154 0.06777598828814822 848
1760901440312 0.06604230595136301 849
1760901440556 0.06548945914209527 850
1760901440724 0.06667763704889532 851
1760901440924 0.06698282214519763 852
1760901441177 0.06594023794856357 853
1760901441359 0.06867906620086539 854
1760901441550 0.06853078115120784 855
1760901441806 0.06730461353643848 856
1760901441971 0.06759735111092292 857
1760901442144 0.06699076808320661 858
1760901442302 0.065647197297594 859
1760901442505 0.0668118467403509 860
1760901442665 0.06553396149138452 861
1760901523431 0.06514534158651071 862
1760901523782 0.06582630454010718 863
1760901524033 0.06622113410543164 864
1760901524220 0.06617475394372184 865
1760901524410 0.06608406916422585 866
1760901524732 0.06886062329119313 867
1760901524885 0.0650112177383789 868
1760901525106 0.06528091275556375 869
1760901525290 0.0675487730237363 870
1760901525448 0.0664059965140335 871
1760901525620 0.06503851881896913 872
1760901525780 0.06722666588470727 873
1760901525944 0.06736585909020115 874
1760901526168 0.06619392231363552 875
1760901526322 0.0630200134211765 876
1760901526497 0.06738283565623346 877
1760901603922 0.06429941857837172 878
1760901604146 0.06595463723378159 879
1760901604308 0.06618466314787369 880
1760901604483 0.06542620240419104 881
1760901604647 0.0655289419846555 882
1760901604813 0.06431685648153092 883
1760901604977 0.06532393042095216 884
1760901605141 0.06558311649075374 885
1760901605360 0.0636493084864171 886
1760901605531 0.06617180157857169 887
1760901605700 0.0652111867459417 888
1760901605908 0.06643954814184676 889
1760901606087 0.06507021145896678 890
1760901606255 0.06533661921078827 891
1760901606424 0.06551398832026278 892
1760901606588 0.06525324300747214 893
1760901688894 0.06549746309253945 894
1760901689079 0.06723412079888247 895
1760901690141 0.06357449997877432 896
1760901690346 0.06429427040919675 897
1760901690505 0.06593990473116151 898
1760901690676 0.06550754923555285 899
1760901690837 0.06335792479010557 900
1760901691040 0.06542554060055178 901
1760901691195 0.06585270712167723 902
1760901691351 0.06319324778291055 903
1760901691506 0.06546119076159024 904
1760901691695 0.06365178783065863 905
1760901691845 0.0650900841025028 906
1760901692073 0.06438686230352295 907
1760901692227 0.0656361947007005 908
1760901692386 0.06476284848412123 909
1760901775122 0.06343772072237255 910
1760901775298 0.06538570527019372 911
1760901776026 0.06350189771787473 912
1760901776202 0.06491155002475302 913
1760901776355 0.06700944559926383 914
1760901776506 0.064647982648848 915
1760901776660 0.06301029809239342 916
1760901776882 0.06484118792196396 917
1760901777048 0.06181015149633444 918
1760901777256 0.06496008876015999 919
1760901777414 0.06440436625215704 920
1760901777574 0.06377811554615978 921
1760901777831 0.06412495447389469 922
1760901778051 0.0652340690937511 923
1760901778211 0.0630446602312813 924
1760901778368 0.0637880337309446 925
1760901847464 0.061887432027917466 926
1760901847779 0.06383258843719025 927
1760901848118 0.06341354675589649 928
1760901848271 0.06345729596608833 929
1760901848420 0.06342305274742918 930
1760901848581 0.06243676367559892 931
1760901848730 0.06343851380582595 932
1760901848885 0.06228334514449778 933
1760901849044 0.06266507741123722 934
1760901849199 0.06293139263376621 935
1760901849353 0.06311063348265866 936
1760901849508 0.0629203951245485 937
1760901849660 0.06304748591811939 938
1760901849741 0.06357473174459065 939
1760902015295 0.06199141368278193 940
1760902015886 0.06191378995858642 941
1760902016044 0.06409515036756774 942
1760902016199 0.06060668854523099 943
1760902016385 0.061768214833729004 944
1760902016544 0.06297545783664794 945
1760902016701 0.06385529237991242 946
1760902016920 0.06374442661510465 947
1760902017101 0.06427481984721184 948
1760902017266 0.06371505618518698 949
1760902017437 0.0624493795554573 950
1760902017607 0.0627537003729094 951
1760902017776 0.06311081554972425 952
1760902017938 0.06290418129882053 953
1760902018213 0.06249780898510515 954
1760902018431 0.06232587437140871 955
1760902100525 0.06180778766922818 956
1760902101063 0.06267430438327534 957
1760902101234 0.06258849255141448 958
1760902101387 0.061773167268430844 959
1760902101622 0.0619812965184738 960
1760902101794 0.06215447536014199 961
1760902101957 0.06192416555248235 962
1760902102172 0.06478737511537838 963
1760902102413 0.06418184443026811 964
1760902102640 0.0617850955669909 965
1760902102797 0.06304006633480225 966
1760902102965 0.06132540500723959 967
1760902103162 0.06099284837852502 968
1760902103319 0.06458009295746905 969
1760902103474 0.06110273265055173 970
1760902103671 0.06182870821554698 971
1760902188201 0.06148231804653295 972
1760902188820 0.06246992506158494 973
1760902188983 0.06304521738784108 974
1760902189143 0.06405410247886756 975
1760902189298 0.06238459253985566 976
1760902189474 0.06295866278607488 977
1760902189628 0.06215715933840428 978
1760902189806 0.06049626036135529 979
1760902190014 0.06072908275301185 980
1760902190181 0.06366908576990318 981
1760902190356 0.06216451733032805 982
1760902190578 0.06289681854105805 983
1760902190880 0.05905616480534247 984
1760902191035 0.06267277399404492 985
1760902191194 0.06065283131978369 986
1760902191374 0.061357465893989105 987
1760902273914 0.0605736731636118 988
1760902274083 0.06188736349250561 989
1760902274298 0.060488305860730514 990
1760902274607 0.061589208376875176 991
1760902274772 0.06345789618080672 992
1760902274941 0.061425674592336096 993
1760902275188 0.060014671685546875 994
1760902275360 0.06052738421989516 995
1760902275567 0.0624081219086219 996
1760902275758 0.06173872514494942 997
1760902275935 0.061324218171487935 998
1760902276103 0.06200369427775389 999
1760902276258 0.06194799936808193 1000
1760902276419 0.061648415217294236 1001
1760902276585 0.060618658538590234 1002
1760902276806 0.060157159836608826 1003
1760902355574 0.06169202294860471 1004
1760902355748 0.06144355965349358 1005
1760902355904 0.06253677513843865 1006
1760902356690 0.06306769267258744 1007
1760902356906 0.06126138092100909 1008
1760902357110 0.062091852636517154 1009
1760902357261 0.06154166964347537 1010
1760902357519 0.06077996148035988 1011
1760902357677 0.061790502102852765 1012
1760902357832 0.06093175939869237 1013
1760902358041 0.06262129098136439 1014
1760902358236 0.06183287370419741 1015
1760902358409 0.06156963813879253 1016
1760902358607 0.06448171747985712 1017
1760902358772 0.060750331063356325 1018
1760902358926 0.0595899301866266 1019
1760902428442 0.06096581939795992 1020
1760902428612 0.062314234065356654 1021
1760902428770 0.06102760867373104 1022
1760902428928 0.06136212874082295 1023
1760902429083 0.061582609680958876 1024
1760902429236 0.05990223525121417 1025
1760902429385 0.05987698117343218 1026
1760902429543 0.05841658934829258 1027
1760902429695 0.05936650522238521 1028
1760902429851 0.058607211285220784 1029
1760902430007 0.06144587280705989 1030
1760902430157 0.06007102194320848 1031
1760902430311 0.06043698095045609 1032
1760902430396 0.0602317728235565 1033
1760902601334 0.05960808565301379 1034
1760902601509 0.060499834911506206 1035
1760902601688 0.05904698552769652 1036
1760902601894 0.06120262335003221 1037
1760902602051 0.05903479110005029 1038
1760902602261 0.061899489016111565 1039
1760902602433 0.05946011885148131 1040
1760902602595 0.05870420473365773 1041
1760902602764 0.058680798808371695 1042
1760902602972 0.0601538258499434 1043
1760902603182 0.05960560018532685 1044
1760902603388 0.06116804884776636 1045
1760902603550 0.060627944341708206 1046
1760902603708 0.058773550294442166 1047
1760902603860 0.05871877853602461 1048
1760902604055 0.06143674830400056 1049
1760902685638 0.058817420727410474 1050
1760902685962 0.061225177715000106 1051
1760902686164 0.060571469175497536 1052
1760902686360 0.059873862339004345 1053
1760902686516 0.058467502101889765 1054
1760902686713 0.05987160908335693 1055
1760902686870 0.05827206282725984 1056
1760902687114 0.05961877417409468 1057
1760902687318 0.05963695537277206 1058
1760902687519 0.06085163512313374 1059
1760902687671 0.05780452815897275 1060
1760902687871 0.05941920316654467 1061
1760902688026 0.05955594724056469 1062
1760902688258 0.06070446837631328 1063
1760902688424 0.05989995104798994 1064
1760902688638 0.059554473197056 1065
1760902772344 0.060790723870234376 1066
1760902772716 0.059935782465488155 1067
1760902772880 0.05856883173193771 1068
1760902773182 0.05753508414388944 1069
1760902773357 0.059837261862679514 1070
1760902773531 0.05931646013927546 1071
1760902773747 0.06032225921362284 1072
1760902773915 0.05959551772143395 1073
1760902774071 0.058765700648173214 1074
1760902774246 0.06065710640807903 1075
1760902774469 0.058405530057440924 1076
1760902774631 0.05890753402416413 1077
1760902774827 0.05818166979502001 1078
1760902774983 0.05868983624064199 1079
1760902775198 0.059295252651968305 1080
1760902775456 0.059593144882411006 1081
1760902857203 0.05860666281051706 1082
1760902857463 0.059481830731079224 1083
1760902857639 0.060193413467744164 1084
1760902857821 0.06063659179889552 1085
1760902857978 0.058527663537000195 1086
1760902858142 0.05969182865165872 1087
1760902858309 0.05944003188840309 1088
1760902858470 0.05848520929344178 1089
1760902858724 0.05992479654943019 1090
1760902859032 0.058599789143540484 1091
1760902859188 0.05968315186263948 1092
1760902859350 0.06018146541596356 1093
1760902859509 0.05703737391579961 1094
1760902859718 0.0583774107902843 1095
1760902859895 0.05833146552055526 1096
1760902860074 0.05845279959667919 1097
1760902939475 0.05830187705898073 1098
1760902939667 0.060737351469980425 1099
1760902939915 0.05753607836001595 1100
1760902940230 0.056081079471973855 1101
1760902940433 0.059682603758416525 1102
1760902940588 0.05937486023622608 1103
1760902940752 0.05910095110086154 1104
1760902940954 0.060571996119876695 1105
1760902941119 0.05727521633692186 1106
1760902941277 0.059472407532150225 1107
1760902941437 0.058184896522637836 1108
1760902941593 0.05766593111128248 1109
1760902941750 0.05928775075015318 1110
1760902941910 0.058952093278558416 1111
1760902942108 0.057373938376240184 1112
1760902942263 0.05718761269678753 1113
1760903012300 0.05875503318294911 1114
1760903012457 0.058691758771659455 1115
1760903012608 0.058709858115333455 1116
1760903012759 0.05787769174412613 1117
1760903012913 0.05810105796465465 1118
1760903013070 0.05800435783819695 1119
1760903013222 0.059002011605040955 1120
1760903013379 0.05772302368640904 1121
1760903013528 0.05914547883309126 1122
1760903013682 0.0583999384915352 1123
1760903013835 0.057379995888622984 1124
1760903013993 0.057661127177790664 1125
1760903014143 0.05791252906618574 1126
1760903014224 0.05860012654403689 1127
1760903179994 0.05760258713603209 1128
1760903180186 0.05794578312690283 1129
1760903180367 0.05820844809888463 1130
1760903180545 0.05840161216249928 1131
1760903180704 0.05810085501600546 1132
1760903180904 0.05741375658598186 1133
1760903181119 0.05759998083073499 1134
1760903181276 0.05779106909181848 1135
1760903181441 0.05879644868009812 1136
1760903181595 0.05607579111893919 1137
1760903181747 0.05966031255158979 1138
1760903181915 0.05895151744645943 1139
1760903182070 0.05842052874909463 1140
1760903182243 0.05718600441639299 1141
1760903182424 0.05649267469601321 1142
1760903182579 0.057228349033591315 1143
1760903266781 0.05639399491771071 1144
1760903267252 0.05900482243416772 1145
1760903267790 0.057854985348753954 1146
1760903267959 0.05879698350710813 1147
1760903268140 0.05827888823116523 1148
1760903268336 0.05476651553349341 1149
1760903268501 0.05575103172252596 1150
1760903268656 0.056519820360880685 1151
1760903268824 0.05685350478010785 1152
1760903268982 0.0567003112770038 1153
1760903269187 0.056595314654540194 1154
1760903269375 0.057563488470048316 1155
1760903269542 0.05976752987726116 1156
1760903269694 0.05759159832729281 1157
1760903269867 0.05650308343243696 1158
1760903270065 0.0569041184963212 1159
1760903351143 0.05918617899353916 1160
1760903351721 0.05721937865110574 1161
1760903351874 0.057874114541591484 1162
1760903352028 0.056779765475423676 1163
1760903352270 0.05662495490888196 1164
1760903352475 0.056091010147551995 1165
1760903352633 0.05938237914346742 1166
1760903352785 0.05743594436014021 1167
1760903352981 0.059322521651292995 1168
1760903353167 0.0569377617426825 1169
1760903353360 0.056647422330595096 1170
1760903353522 0.05736410528597538 1171
1760903353686 0.055568719800414904 1172
1760903353848 0.05585363954690968 1173
1760903354049 0.057132870867600646 1174
1760903354216 0.05703133971930731 1175
1760903435076 0.05613850652291186 1176
1760903435305 0.057015661260179706 1177
1760903435466 0.05625345219905832 1178
1760903435633 0.056206585066016314 1179
1760903435847 0.057308322039023966 1180
1760903435998 0.05631305628423345 1181
1760903436209 0.05826815446873718 1182
1760903436451 0.057005929840486906 1183
1760903436601 0.057203295752675666 1184
1760903436827 0.056398220129727235 1185
1760903436978 0.058016180984154 1186
1760903437184 0.056860376084504324 1187
1760903437340 0.057822330227510196 1188
1760903437556 0.05591062435441111 1189
1760903437723 0.05788396814870018 1190
1760903437903 0.05580916504123097 1191
1760903521962 0.05570386809399034 1192
1760903522188 0.056182302459026584 1193
1760903522364 0.0559936671483327 1194
1760903522530 0.05695859786798564 1195
1760903522708 0.055441629620442634 1196
1760903522905 0.05766735419291271 1197
1760903523056 0.05654346321466412 1198
1760903523208 0.05438947216105543 1199
1760903523364 0.057085589370519815 1200
1760903523516 0.055572471236791716 1201
1760903523669 0.05758074389072658 1202
1760903523884 0.05647076709796483 1203
1760903524036 0.056247021412932405 1204
1760903524194 0.057602606374492174 1205
1760903524349 0.055468713428765706 1206
1760903524503 0.055464319967371806 1207
1760903592245 0.0580262644784956 1208
1760903592654 0.0551331758436157 1209
1760903592804 0.05582962412225322 1210
1760903592961 0.05709135094429054 1211
1760903593115 0.056344493766520204 1212
1760903593266 0.055136125572851524 1213
1760903593415 0.05698340363246613 1214
1760903593566 0.056740597635832606 1215
1760903593716 0.056359374241555474 1216
1760903593868 0.05460556796885882 1217
1760903594017 0.0537818512620883 1218
1760903594173 0.05578708308999351 1219
1760903594323 0.057305246671947835 1220
1760903594408 0.05444324853878516 1221
1760903761243 0.05657815859658161 1222
1760903761423 0.05607142884542519 1223
1760903761621 0.054630972570153584 1224
1760903761778 0.05497215212105536 1225
1760903761960 0.05492660404063249 1226
1760903762181 0.05594619439129367 1227
1760903762447 0.05412662239419276 1228
1760903762623 0.056502640136020514 1229
1760903762799 0.0579385470276042 1230
1760903763125 0.055696684887613625 1231
1760903763301 0.057453806145625064 1232
1760903763470 0.05573424549729799 1233
1760903763626 0.0547362861282661 1234
1760903763777 0.05544702605800143 1235
1760903763996 0.05485278502566235 1236
1760903764169 0.0572569834127227 1237
1760903844502 0.055937031192034394 1238
1760903845008 0.05574836648294107 1239
1760903845287 0.0543084883458074 1240
1760903845508 0.057094092558049286 1241
1760903845775 0.05445774190295226 1242
1760903845941 0.059011919556566206 1243
1760903846138 0.05618590742702205 1244
1760903846355 0.05634409607005871 1245
1760903846576 0.054424403158396695 1246
1760903846787 0.055666846872192324 1247
1760903846940 0.0545572195564621 1248
1760903847111 0.05559653037627747 1249
1760903847356 0.05481302192509731 1250
1760903847508 0.056898628434784555 1251
1760903847682 0.05627543797129303 1252
1760903847848 0.056188568442090824 1253
1760903930863 0.05636543316611037 1254
1760903931382 0.054365914216551826 1255
1760903931552 0.055846652126462115 1256
1760903931727 0.05630968522955403 1257
1760903931932 0.056618768909237324 1258
1760903932108 0.05675020992176047 1259
1760903932263 0.055000289222331446 1260
1760903932426 0.05516528706778369 1261
1760903932581 0.05720810685905772 1262
1760903932735 0.0547623979320149 1263
1760903932890 0.05445913907918121 1264
1760903933067 0.0552148626463107 1265
1760903933222 0.05697530925761475 1266
1760903933435 0.05610247017964437 1267
1760903933591 0.055294041940704586 1268
1760903933787 0.056742230723734174 1269
1760904012725 0.05664564304530361 1270
1760904013415 0.055900643171409206 1271
1760904013586 0.05511832043615804 1272
1760904013784 0.05499920558691718 1273
1760904013957 0.0553990521027999 1274
1760904014342 0.053939091740624584 1275
1760904014519 0.05755573944871055 1276
1760904014679 0.055923321705074275 1277
1760904014833 0.056327050527179644 1278
1760904014991 0.05568775884948275 1279
1760904015158 0.05742158616030858 1280
1760904015352 0.056365256256747626 1281
1760904015519 0.05426097059257659 1282
1760904015692 0.056334237373246464 1283
1760904015848 0.0566910737585639 1284
1760904016001 0.0559461896878847 1285
1760904097835 0.054638567270499934 1286
1760904098128 0.055444480307884014 1287
1760904098486 0.05488604074096469 1288
1760904098641 0.053705249239605124 1289
1760904098797 0.055145208374042236 1290
1760904099214 0.05534872679094634 1291
1760904099368 0.0563632171346788 1292
1760904099524 0.05689894933817042 1293
1760904099681 0.056182271772356435 1294
1760904099838 0.054793770850207126 1295
1760904099995 0.05635549930785387 1296
1760904100150 0.054157090470493184 1297
1760904100346 0.05351928055268183 1298
1760904100628 0.055908853635832347 1299
1760904100787 0.057754379030052407 1300
1760904100938 0.05446418201362781 1301
1760904170554 0.055036939491622 1302
1760904170962 0.053058619733341916 1303
1760904171115 0.052570480203204026 1304
1760904171269 0.05435188279183633 1305
1760904171424 0.05304692738540873 1306
1760904171578 0.05512676407628898 1307
1760904171730 0.0555985411578274 1308
1760904171882 0.05415489729022081 1309
1760904172035 0.054328058814863515 1310
1760904172188 0.05491382699722146 1311
1760904172342 0.054025784029769486 1312
1760904172495 0.05600769236901987 1313
1760904172648 0.055000695350238625 1314
1760904172731 0.05258523176143836 1315
1760904336206 0.05550877154616845 1316
1760904336376 0.053946208331113785 1317
1760904336624 0.05462897152692666 1318
1760904336844 0.05422977682766032 1319
1760904337021 0.055472382634746256 1320
1760904337199 0.05506096363684708 1321
1760904337368 0.05272583410781116 1322
1760904337546 0.054546156490510866 1323
1760904337723 0.055628163830564514 1324
1760904337879 0.05709919860409171 1325
1760904338042 0.05304323260261395 1326
1760904338217 0.05605992096440797 1327
1760904338374 0.05451229500444234 1328
1760904338589 0.05232341687473346 1329
1760904338745 0.0540579567376876 1330
1760904338903 0.054364604196238245 1331
1760904421295 0.05274458778030151 1332
1760904421483 0.056011429040534425 1333
1760904421660 0.0548557882141187 1334
1760904421816 0.05537846659656451 1335
1760904422075 0.05321679900041765 1336
1760904422274 0.05475300101311101 1337
1760904422440 0.05376053846369265 1338
1760904422659 0.0532031447083351 1339
1760904422824 0.05500627726770871 1340
1760904422994 0.054431085172077634 1341
1760904423154 0.055210954500813425 1342
1760904423458 0.05549840163301454 1343
1760904423632 0.05228687406830798 1344
1760904423859 0.05344209392721372 1345
1760904424016 0.05691678721114297 1346
1760904424326 0.053214081264886866 1347
1760904503882 0.05297436647006229 1348
1760904504063 0.0551515673014871 1349
1760904504265 0.05599790717210304 1350
1760904504505 0.05473301944781279 1351
1760904504767 0.05526993881718737 1352
1760904504979 0.05360931534136892 1353
1760904505182 0.054286612894898126 1354
1760904505340 0.05635704698736937 1355
1760904505501 0.054568616815414674 1356
1760904505705 0.05127407352044148 1357
1760904505863 0.05340192375472541 1358
1760904506023 0.055586277358250405 1359
1760904506183 0.051937747508356516 1360
1760904506357 0.05607976046882341 1361
1760904506528 0.054370445248283474 1362
1760904506680 0.05309633630954814 1363
1760904586891 0.05457369830261111 1364
1760904587155 0.05417317058505312 1365
1760904587373 0.053380906575000595 1366
1760904587538 0.054038961364965055 1367
1760904587697 0.054970410373454126 1368
1760904587865 0.054220050950797405 1369
1760904588023 0.052971772045857374 1370
1760904588195 0.05450420500137919 1371
1760904588358 0.05379974219987877 1372
1760904588518 0.055583708181841954 1373
1760904588689 0.05494507278247697 1374
1760904588848 0.05358902996323592 1375
1760904589004 0.0538737603552531 1376
1760904589167 0.05482477358347232 1377
1760904589322 0.05277476322511676 1378
1760904589479 0.05230896837561472 1379
1760904667572 0.05392264247746979 1380
1760904667812 0.05367287671760957 1381
1760904668011 0.055041722118334066 1382
1760904668164 0.05339613615910151 1383
1760904668331 0.05364723630143755 1384
1760904668489 0.05193212051472259 1385
1760904668645 0.05308500173014233 1386
1760904668802 0.054969690839940646 1387
1760904668961 0.0540203837703415 1388
1760904669128 0.054427135410137675 1389
1760904669302 0.05312346522726376 1390
1760904669468 0.054170614179082914 1391
1760904669644 0.05604093717834908 1392
1760904669816 0.05317849684759997 1393
1760904670058 0.05312669670153246 1394
1760904670208 0.05616354422996436 1395
1760904740380 0.053880817173480554 1396
1760904740540 0.05366351011396006 1397
1760904740692 0.054037119136937886 1398
1760904740847 0.05475780669661226 1399
1760904740997 0.053483850421019316 1400
1760904741150 0.05541242852458057 1401
1760904741306 0.053152063816717054 1402
1760904741463 0.05530501170337449 1403
1760904741620 0.052076229920197295 1404
1760904741770 0.054508542683891055 1405
1760904741926 0.053809522099944794 1406
1760904742081 0.053296570541763524 1407
1760904742237 0.05458560275131373 1408
1760904742321 0.05378173400758239 1409
1760904907628 0.05303711108231368 1410
1760904908001 0.0547277791525535 1411
1760904908242 0.054311485798466085 1412
1760904908411 0.05473699086318294 1413
1760904908626 0.05446775350940953 1414
1760904908790 0.052709755228344785 1415
1760904908960 0.05402199086780282 1416
1760904909127 0.054619593023769536 1417
1760904909284 0.05415256156936481 1418
1760904909452 0.05453359598616489 1419
1760904909704 0.05330178736812645 1420
1760904909861 0.05502404148507653 1421
1760904910021 0.051282174893361114 1422
1760904910220 0.05232196135181058 1423
1760904910433 0.05267207984972602 1424
1760904910698 0.05313678863264329 1425
1760904995241 0.05520054190993579 1426
1760904995410 0.053590936576423866 1427
1760904995565 0.05243424431330745 1428
1760904995798 0.054690098122809436 1429
1760904996065 0.05549841419257657 1430
1760904996283 0.05328384817651238 1431
1760904996452 0.051725392673462954 1432
1760904996659 0.052563557602567604 1433
1760904996892 0.05442222477381883 1434
1760904997045 0.05039384612484036 1435
1760904997286 0.051793346019502653 1436
1760904997446 0.055434597377826286 1437
1760904997612 0.055692491340128596 1438
1760904997796 0.05412983911803731 1439
1760904997953 0.053771237264137295 1440
1760904998110 0.051818653103687586 1441
1760905080727 0.05400769992156976 1442
1760905080885 0.05262421050028429 1443
1760905081070 0.05291570943291828 1444
1760905081232 0.05428175144957628 1445
1760905081401 0.05190737942857487 1446
1760905081668 0.05162872627124719 1447
1760905081835 0.051648451015872524 1448
1760905082008 0.05339893380780089 1449
1760905082221 0.05256049704257551 1450
1760905082372 0.05208366198410081 1451
1760905082529 0.053994922312880486 1452
1760905082688 0.052488106144085084 1453
1760905082853 0.05514222114676436 1454
1760905083032 0.053977116928151346 1455
1760905083204 0.05326543228449889 1456
1760905083369 0.05291173392113863 1457
1760905162698 0.05297597028426612 1458
1760905162963 0.05203575651160719 1459
1760905163148 0.05418731977908942 1460
1760905163306 0.05363057380306831 1461
1760905163585 0.05393454166374559 1462
1760905163803 0.05143138588405531 1463
1760905164059 0.05356409094836587 1464
1760905164233 0.05245066245195848 1465
1760905164395 0.051922631965871914 1466
1760905164552 0.05230219132036833 1467
1760905164708 0.05547772311815119 1468
1760905164872 0.051653302277419696 1469
1760905165048 0.051378845243436264 1470
1760905165209 0.05496188508597712 1471
1760905165373 0.05573729532756193 1472
1760905165583 0.05527456887019745 1473
1760905246291 0.05436699090134432 1474
1760905246514 0.0538655554602437 1475
1760905246933 0.051967462187955005 1476
1760905247153 0.053935112401357274 1477
1760905247372 0.05207747617500994 1478
1760905247630 0.05368524113189818 1479
1760905247789 0.051383396917326664 1480
1760905247954 0.05300611690918336 1481
1760905248108 0.05388087587208665 1482
1760905248282 0.0535263159519756 1483
1760905248481 0.05206926289385219 1484
1760905248640 0.053133302222130016 1485
1760905248805 0.05182115539960311 1486
1760905249010 0.05148174061214199 1487
1760905249209 0.05225049149486828 1488
1760905249365 0.053897585288450185 1489
1760905319539 0.05318739555773961 1490
1760905319709 0.053538634418582406 1491
1760905319864 0.052977057273329964 1492
1760905320021 0.053094017524268906 1493
1760905320180 0.053541753886222065 1494
1760905320337 0.05262070422306349 1495
1760905320493 0.052995378267865836 1496
1760905320648 0.05053686362185345 1497
1760905320802 0.05309625491834282 1498
1760905320959 0.052883191569831546 1499
1760905321116 0.05249331545845644 1500
1760905321270 0.052621984423678284 1501
1760905321425 0.0538360969184599 1502
1760905321507 0.05292447437379918 1503
1760905483139 0.0515125307843664 1504
1760905483310 0.05116716122175621 1505
1760905484235 0.05306907611825058 1506
1760905484412 0.0535076535835101 1507
1760905484571 0.053628993504400216 1508
1760905484735 0.0542679898288216 1509
1760905484942 0.05240870952454947 1510
1760905485099 0.05183868417395453 1511
1760905485282 0.05060897583570466 1512
1760905485451 0.05188798194832601 1513
1760905485608 0.05353850327039525 1514
1760905485770 0.05322068900276357 1515
1760905485949 0.05236689600505309 1516
1760905486163 0.05354044533355756 1517
1760905486379 0.05254953021168707 1518
1760905486543 0.053292149277537164 1519
1760905568461 0.05442922930722573 1520
1760905568670 0.05271828712990814 1521
1760905569276 0.05284553744806005 1522
1760905569498 0.05332198009542549 1523
1760905569674 0.05237625131632638 1524
1760905569891 0.0528083567361373 1525
1760905570055 0.05295070979147859 1526
1760905570240 0.05389998834112889 1527
1760905570418 0.05415449955653283 1528
1760905570574 0.052417442373815064 1529
1760905570773 0.05468990577455077 1530
1760905571014 0.053460092977170186 1531
1760905571192 0.05355943726596975 1532
1760905571349 0.05244274244887861 1533
1760905571519 0.053141122153782715 1534
1760905571732 0.052775255404584456 1535
1760905652391 0.053558601409947136 1536
1760905652554 0.05351316624130914 1537
1760905653131 0.05297137586709223 1538
1760905653345 0.05504157795886558 1539
1760905653506 0.05301272954638302 1540
1760905653686 0.05228442245922477 1541
1760905654012 0.05423290226313896 1542
1760905654182 0.05212683258356136 1543
1760905654345 0.05284127269886593 1544
1760905654500 0.05469052954761824 1545
1760905654714 0.05236149180646581 1546
1760905654933 0.05213510547322977 1547
1760905655135 0.0526576154198964 1548
1760905655293 0.05264402220469584 1549
1760905655449 0.05173106564970739 1550
1760905655676 0.051958499656847824 1551
1760905734028 0.052895640896900506 1552
1760905734442 0.05225415273421814 1553
1760905735427 0.05296120687667607 1554
1760905735583 0.0507313347648456 1555
1760905735767 0.053665242499105564 1556
1760905735921 0.05343872823625895 1557
1760905736088 0.05261711149107287 1558
1760905736248 0.054164218891664756 1559
1760905736452 0.05366957804702821 1560
1760905736649 0.05145091021287618 1561
1760905736807 0.05353942739001511 1562
1760905737004 0.05450219902129482 1563
1760905737161 0.05438464331048243 1564
1760905737357 0.05212976878891777 1565
1760905737563 0.0515385813211346 1566
1760905737722 0.052307238491978825 1567
1760905820981 0.05314295693849999 1568
1760905821346 0.052258002704295925 1569
1760905821834 0.050941466128291056 1570
1760905821991 0.05189479626187788 1571
1760905822175 0.05224572545453289 1572
1760905822343 0.051503142405316005 1573
1760905822560 0.05407885912231749 1574
1760905822723 0.050943132593695636 1575
1760905822878 0.051717290889667936 1576
1760905823043 0.050817508112116064 1577
1760905823198 0.054794176632126934 1578
1760905823394 0.05179630106364426 1579
1760905823549 0.052354369686680405 1580
1760905823699 0.05186269200415392 1581
1760905823863 0.05244852973467491 1582
1760905824021 0.04946861223395682 1583
1760905892541 0.052687775167863465 1584
1760905892705 0.05153984860526902 1585
1760905892860 0.05189674204529842 1586
1760905893018 0.05352806504618164 1587
1760905893169 0.0517584304309044 1588
1760905893327 0.052878166929172785 1589
1760905893486 0.05278041661545057 1590
1760905893645 0.05353681318901407 1591
1760905893802 0.05215221620384228 1592
1760905893953 0.05273428645315714 1593
1760905894106 0.05138501955863482 1594
1760905894256 0.0514906645101754 1595
1760905894406 0.051939036067220154 1596
1760905894488 0.05084297490360073 1597
1760906060468 0.05253891824992586 1598
1760906060938 0.05270505517929025 1599
1760906061092 0.05317535180149059 1600
1760906061266 0.053470226140599306 1601
1760906061473 0.05514224047901153 1602
1760906061641 0.05208459445789295 1603
1760906061796 0.05198511907621832 1604
1760906061951 0.05207220744640493 1605
1760906062106 0.05169114101697604 1606
1760906062269 0.05255091194953664 1607
1760906062437 0.052277726167731076 1608
1760906062689 0.05197808825083412 1609
1760906062853 0.05273730167119649 1610
1760906063009 0.05170053380158017 1611
1760906063172 0.05207775135034711 1612
1760906063343 0.05204243440896705 1613
1760906145396 0.05090995186088575 1614
1760906145649 0.04981180901948107 1615
1760906145811 0.04996344972103722 1616
1760906145973 0.051509845386292843 1617
1760906146131 0.05174507614462996 1618
1760906146289 0.052338718268319526 1619
1760906146445 0.05305433002143377 1620
1760906146600 0.05020240050980622 1621
1760906146813 0.05193787876587936 1622
1760906146994 0.05457327937573071 1623
1760906147173 0.054959697554145176 1624
1760906147337 0.051410918722212505 1625
1760906147505 0.05158906993155327 1626
1760906147682 0.0518168158530036 1627
1760906147847 0.05098726546099468 1628
1760906148045 0.05178976654455788 1629
1760906229487 0.051615687133049815 1630
1760906229762 0.051248981937694546 1631
1760906229930 0.05120375760162389 1632
1760906230139 0.05153664349922434 1633
1760906230395 0.05332434866588029 1634
1760906230550 0.05156178836588553 1635
1760906230714 0.052434513332744584 1636
1760906230867 0.05139807252946113 1637
1760906231034 0.051824025826085404 1638
1760906231199 0.051663316929895314 1639
1760906231368 0.0509660065497787 1640
1760906231522 0.05112587454779057 1641
1760906231702 0.052871355739189385 1642
1760906231905 0.050845795298800844 1643
1760906232137 0.05117150694463318 1644
1760906232321 0.05242381696969246 1645
1760906316116 0.05017154057587349 1646
1760906316338 0.051144344617388725 1647
1760906316516 0.05091222443605853 1648
1760906316680 0.05106632172355461 1649
1760906316842 0.0527528769455458 1650
1760906316996 0.050584574046420985 1651
1760906317156 0.05167557752232364 1652
1760906317310 0.05228947981043053 1653
1760906317509 0.05051193556758477 1654
1760906317674 0.05205013956697252 1655
1760906317825 0.05131046880608731 1656
1760906317986 0.05359652382248668 1657
1760906318148 0.05243327990609252 1658
1760906318301 0.05138905879580692 1659
1760906318456 0.05325979853006779 1660
1760906318610 0.05102986247448471 1661
1760906401962 0.0541350130777306 1662
1760906402131 0.05290138697624792 1663
1760906402397 0.05261993927468042 1664
1760906402605 0.05235829106398316 1665
1760906402857 0.05218868551071261 1666
1760906403023 0.05390667657240092 1667
1760906403182 0.05149129623817502 1668
1760906403385 0.050624420823852295 1669
1760906403537 0.05268733125235735 1670
1760906403693 0.05057726857051572 1671
1760906403850 0.051993485375494496 1672
1760906404015 0.051780444277758866 1673
1760906404210 0.05253109442691067 1674
1760906404363 0.051799359265139414 1675
1760906404524 0.05088905499786263 1676
1760906404679 0.05028848139679673 1677
1760906470732 0.048751835918926525 1678
1760906470893 0.05178089223153179 1679
1760906471048 0.053370380960851914 1680
1760906471200 0.05163670749570742 1681
1760906471354 0.052298126679857455 1682
1760906471506 0.05123031072501798 1683
1760906471657 0.052848376463962836 1684
1760906471810 0.051192722183206335 1685
1760906471962 0.05108882772898488 1686
1760906472115 0.0513491051878848 1687
1760906472267 0.051350502117207285 1688
1760906472420 0.050209381403938415 1689
1760906472573 0.05213694566915976 1690
1760906472653 0.05048345509479652 1691
1760906635099 0.050531043682917456 1692
1760906635273 0.04932634266225595 1693
1760906635426 0.050994216202569255 1694
1760906635581 0.053806911155067014 1695
1760906635738 0.0508963294668573 1696
1760906635894 0.05234563485493146 1697
1760906636056 0.052107584583625126 1698
1760906636212 0.05082877561513866 1699
1760906636372 0.05048968969514525 1700
1760906636524 0.050439063947115906 1701
1760906636682 0.050608587405926685 1702
1760906636838 0.05093143691903033 1703
1760906637006 0.05103461211669808 1704
1760906637165 0.0503968745588283 1705
1760906637339 0.05033721248809947 1706
1760906637513 0.051806358562599644 1707
1760906715470 0.050825204246653925 1708
1760906715873 0.05097240351169575 1709
1760906716070 0.04998596364951378 1710
1760906716236 0.05182935138276852 1711
1760906716447 0.051350013081609164 1712
1760906716605 0.04967537053422229 1713
1760906716805 0.04975063856696868 1714
1760906716970 0.05018955859762146 1715
1760906717190 0.05186798350760476 1716
1760906717373 0.05190867002511581 1717
1760906717531 0.052246001094206115 1718
1760906717703 0.05122572099511968 1719
1760906717857 0.05121452839362706 1720
1760906718057 0.05108860539894868 1721
1760906718215 0.04949128136416407 1722
1760906718387 0.052687196922004215 1723
1760906802669 0.051195401238405304 1724
1760906802842 0.05103018831376774 1725
1760906803015 0.05004724653096243 1726
1760906803210 0.05239805705669007 1727
1760906803365 0.05179443211238807 1728
1760906803519 0.05081454438841804 1729
1760906803694 0.05016251463282853 1730
1760906803860 0.05029640758068017 1731
1760906804028 0.05271108440413128 1732
1760906804339 0.050798599344727316 1733
1760906804496 0.04923211917681551 1734
1760906804747 0.049990129909530986 1735
1760906804913 0.050556655665576246 1736
1760906805088 0.051879980327240616 1737
1760906805242 0.04947532563903203 1738
1760906805438 0.05088446513586248 1739
1760906886969 0.051560662198843386 1740
1760906887562 0.050667455023687594 1741
1760906887788 0.05159982871156607 1742
1760906888011 0.053266936801631276 1743
1760906888234 0.05140158364016423 1744
1760906888448 0.0525604170328969 1745
1760906888618 0.05180515505092774 1746
1760906888777 0.052025838756896585 1747
1760906888934 0.050529184890072534 1748
1760906889092 0.051407524938782936 1749
1760906889313 0.05115237028601496 1750
1760906889467 0.049746181801682596 1751
1760906889668 0.05039476799751278 1752
1760906889878 0.049221408261209375 1753
1760906890096 0.051039759442486815 1754
1760906890256 0.05277894673046438 1755
1760906974346 0.04979660001367486 1756
1760906974671 0.052255763917632446 1757
1760906974859 0.05025867305306208 1758
1760906975023 0.05008718169990682 1759
1760906975219 0.051059944922969745 1760
1760906975373 0.04957401409750665 1761
1760906975542 0.05076045374537919 1762
1760906975743 0.04995574932562673 1763
1760906975984 0.05181497544633955 1764
1760906976139 0.052232576196393155 1765
1760906976308 0.05257073299780404 1766
1760906976467 0.05238319197784569 1767
1760906976620 0.05133165909910949 1768
1760906976773 0.051171116072315156 1769
1760906976937 0.04991773920517449 1770
1760906977089 0.0494657261947101 1771
1760907047227 0.051068992011397085 1772
1760907047394 0.05156764511482403 1773
1760907047544 0.05160326374876652 1774
1760907047699 0.05106350977943793 1775
1760907047851 0.05228028371725041 1776
1760907048005 0.05134711496011615 1777
1760907048156 0.05119130410689183 1778
1760907048311 0.0502707552856108 1779
1760907048464 0.05210471900515318 1780
1760907048612 0.05183806322368574 1781
1760907048765 0.05141395112614995 1782
1760907048918 0.04922499812931628 1783
1760907049068 0.04969239187073698 1784
1760907049152 0.04980782942200338 1785
1760907214677 0.04915717050336699 1786
1760907215003 0.05054443039682597 1787
1760907215178 0.05046122643785392 1788
1760907215346 0.04934196271321467 1789
1760907215512 0.050942643442625044 1790
1760907215667 0.04962400071161195 1791
1760907215870 0.051035404561804526 1792
1760907216071 0.0515973852717507 1793
1760907216228 0.04977514679022947 1794
1760907216385 0.050374431100007555 1795
1760907216556 0.05252058817939999 1796
1760907216714 0.051662963837328456 1797
1760907216869 0.05037097083933782 1798
1760907217058 0.04948126781125628 1799
1760907217259 0.049834670590899924 1800
1760907217419 0.052532884117298104 1801
1760907299119 0.049514967230939046 1802
1760907299302 0.05238310948304371 1803
1760907299531 0.05075775645914701 1804
1760907299747 0.049977862110625104 1805
1760907299938 0.05078726769310253 1806
1760907300101 0.0505122114879926 1807
1760907300270 0.04824310125819871 1808
1760907300519 0.05018772127052684 1809
1760907300741 0.0505726213300558 1810
1760907300917 0.04966069980635082 1811
1760907301089 0.051940425438319476 1812
1760907301335 0.05210056023993252 1813
1760907301517 0.049562969382600866 1814
1760907301680 0.051314957677970716 1815
1760907301878 0.051393141090499694 1816
1760907302039 0.04991997658892972 1817
1760907381108 0.05047155976947486 1818
1760907381412 0.049200531738880865 1819
1760907381572 0.05044138430382261 1820
1760907381772 0.051594388033681736 1821
1760907381978 0.051503073137167066 1822
1760907382140 0.05156200838676462 1823
1760907382308 0.049714138867441734 1824
1760907382465 0.04899889026981397 1825
1760907382627 0.05201909590464799 1826
1760907382826 0.05121259373558674 1827
1760907382986 0.0506488287348664 1828
1760907383152 0.05004090346321643 1829
1760907383323 0.048550106962647166 1830
1760907383503 0.050132387716955315 1831
1760907383702 0.0478508692626127 1832
1760907383864 0.049732701466232224 1833
1760907464737 0.049829840555465924 1834
1760907464929 0.050369331916766305 1835
1760907465086 0.04981579583870128 1836
1760907465241 0.050922020893895956 1837
1760907465447 0.05226325751606396 1838
1760907465651 0.050650016143476514 1839
1760907465822 0.04995844159415676 1840
1760907465981 0.05146408704181349 1841
1760907466138 0.049498360895322585 1842
1760907466295 0.04970534298607478 1843
1760907466455 0.04905266368073528 1844
1760907466612 0.04940881513029889 1845
1760907466771 0.049094295326400104 1846
1760907466988 0.05093598571097187 1847
1760907467151 0.049436854907388056 1848
1760907467321 0.051317901466755675 1849
1760907548143 0.051547463863520646 1850
1760907548375 0.05064657006916005 1851
1760907548532 0.05109485289565949 1852
1760907548692 0.049718746707586095 1853
1760907548867 0.048649179318579226 1854
1760907549027 0.047834235588674515 1855
1760907549191 0.051535136619998013 1856
1760907549350 0.05153076142701558 1857
1760907549505 0.049598050255812945 1858
1760907549703 0.05231242980560159 1859
1760907549866 0.048421982368439906 1860
1760907550029 0.04914937319533878 1861
1760907550183 0.05002821386808562 1862
1760907550359 0.05052927804932748 1863
1760907550519 0.049273774689579664 1864
1760907550691 0.04811413857881237 1865
1760907620966 0.05089998773944123 1866
1760907621130 0.050160344846345885 1867
1760907621285 0.04990426513588729 1868
1760907621439 0.05028925375765428 1869
1760907621596 0.051191144592421446 1870
1760907621752 0.05072367562517517 1871
1760907621908 0.050330390129149555 1872
1760907622065 0.048834370635167726 1873
1760907622225 0.04952313667558739 1874
1760907622379 0.049363548784208955 1875
1760907622537 0.050263232309987624 1876
1760907622692 0.05037015804288753 1877
1760907622849 0.04890100712048184 1878
1760907622934 0.04941409342070318 1879
1760907793179 0.04962077256077567 1880
1760907794018 0.050202228607365375 1881
1760907794187 0.0491846225747109 1882
1760907794349 0.04931553586218938 1883
1760907794559 0.048964668380429566 1884
1760907794772 0.050855400372690984 1885
1760907794928 0.05102523519068663 1886
1760907795083 0.051299543512591916 1887
1760907795243 0.05066943564925901 1888
1760907795399 0.04991322762766044 1889
1760907795576 0.051624812993789126 1890
1760907795742 0.04969785089429105 1891
1760907795898 0.04997576488199167 1892
1760907796054 0.0508821127628408 1893
1760907796277 0.050585515108119296 1894
1760907796431 0.050926760405065025 1895
1760907877050 0.0505083355443917 1896
1760907877229 0.050807942859932564 1897
1760907877436 0.05057127840734059 1898
1760907877593 0.04903881474279176 1899
1760907877820 0.05040926028961585 1900
1760907877986 0.04947841405507096 1901
1760907878193 0.04868593565236943 1902
1760907878347 0.05102227893472243 1903
1760907878516 0.0515251099031798 1904
1760907878708 0.04980683806595857 1905
1760907878861 0.05074520705100295 1906
1760907879085 0.04959557426959389 1907
1760907879259 0.0494359265548361 1908
1760907879421 0.050924098863517814 1909
1760907879586 0.048451503190527684 1910
1760907879751 0.048281929431225855 1911
1760907960872 0.04930782520205573 1912
1760907961068 0.04842435401388616 1913
1760907961228 0.05036924774283563 1914
1760907961384 0.04996862374486661 1915
1760907961557 0.04949262595686575 1916
1760907961730 0.04880580436879433 1917
1760907961888 0.04975730267817758 1918
1760907962045 0.052692090639497965 1919
1760907962201 0.04901543052979 1920
1760907962451 0.05103095359549854 1921
1760907962610 0.04988683321218707 1922
1760907962775 0.05013594757314222 1923
1760907962992 0.04852856297189152 1924
1760907963151 0.05015393229242032 1925
1760907963307 0.04923648290635647 1926
1760907963468 0.049386611819890805 1927
1760908045632 0.0477470736877291 1928
1760908046154 0.04968919788802191 1929
1760908046323 0.04948698020764191 1930
1760908046485 0.04962951784608963 1931
1760908046642 0.04933653822377658 1932
1760908046814 0.050706789883573716 1933
1760908046979 0.05027851721278434 1934
1760908047139 0.05065884431227838 1935
1760908047310 0.048698666177352024 1936
1760908047512 0.049906210695107915 1937
1760908047668 0.051364506288778054 1938
1760908047829 0.050205789753636335 1939
1760908047985 0.04931520323143679 1940
1760908048188 0.04928424291611216 1941
1760908048349 0.05146669781759123 1942
1760908048522 0.050416580913168876 1943
1760908125387 0.04947514340851202 1944
1760908126514 0.04937183402272032 1945
1760908126734 0.05029227347256167 1946
1760908126888 0.047124315817697965 1947
1760908127050 0.052101660141445606 1948
1760908127216 0.05116460800952615 1949
1760908127371 0.04815436928428401 1950
1760908127530 0.049658374499298705 1951
1760908127740 0.049636050815844504 1952
1760908127903 0.05073556016403348 1953
1760908128058 0.04907533489942281 1954
1760908128218 0.05004535104697605 1955
1760908128389 0.05041025686384477 1956
1760908128540 0.048518972038523844 1957
1760908128699 0.05162211320113933 1958
1760908128900 0.048660068168686454 1959
1760908201450 0.04875662623441536 1960
1760908202621 0.049078005918571393 1961
1760908202778 0.04686840344501621 1962
1760908202935 0.052451738425115024 1963
1760908203087 0.04847525504918151 1964
1760908203241 0.05070250582033918 1965
1760908203395 0.04865629431268995 1966
1760908203547 0.04994974194506156 1967
1760908203706 0.04800689571915962 1968
1760908203861 0.050842265207397715 1969
1760908204017 0.04992604884070792 1970
1760908204170 0.0492641328022614 1971
1760908204318 0.04885543552666038 1972
1760908204400 0.05029108681347785 1973
1760908375449 0.04966597502088853 1974
1760908375886 0.04972315008283683 1975
1760908376397 0.04934611518351497 1976
1760908376560 0.05069158507787108 1977
1760908376757 0.05079675920374304 1978
1760908376912 0.050591429764853146 1979
1760908377162 0.05117993645275411 1980
1760908377320 0.05079920797833404 1981
1760908377490 0.0483133754080018 1982
1760908377693 0.04979380712917607 1983
1760908377893 0.05090883068288804 1984
1760908378048 0.04850920049075466 1985
1760908378203 0.04834315032723861 1986
1760908378454 0.04798986502949761 1987
1760908378668 0.047957630221811126 1988
1760908378887 0.04971686925116167 1989
1760908456929 0.050438591546888095 1990
1760908457094 0.049338445146011704 1991
1760908457296 0.04772316219325423 1992
1760908457470 0.04939318231544541 1993
1760908457625 0.05072561344360618 1994
1760908457781 0.04979693290976754 1995
1760908457936 0.05133308491114622 1996
1760908458103 0.048249522272966056 1997
1760908458271 0.04884080990245422 1998
1760908458512 0.050910563405983114 1999
1760908458665 0.04944256370339663 2000
1760908458874 0.05057320207976461 2001
1760908459072 0.0494827725708005 2002
1760908459245 0.050282626618015684 2003
1760908459504 0.05047688821905991 2004
1760908459667 0.05063856162178515 2005
1760908537963 0.0518360708483616 2006
1760908538155 0.04937913104159821 2007
1760908538397 0.04978503520553337 2008
1760908538601 0.04955258365954334 2009
1760908538982 0.04968759216068412 2010
1760908539151 0.051048787229536347 2011
1760908539369 0.04895996428170257 2012
1760908539523 0.048388621494636894 2013
1760908539732 0.05021786825654144 2014
1760908539938 0.050053470372448075 2015
1760908540101 0.048288075426763735 2016
1760908540277 0.05083098146127092 2017
1760908540452 0.048886658119973746 2018
1760908540606 0.050899232405381765 2019
1760908540760 0.04879006397529484 2020
1760908540952 0.05031280986585647 2021
1760908617577 0.04982671891939319 2022
1760908617780 0.04995769436156603 2023
1760908617986 0.05024173942213079 2024
1760908618146 0.050445130513828984 2025
1760908618314 0.04948414448696831 2026
1760908618521 0.05069658650014673 2027
1760908618687 0.05005791038952093 2028
1760908618915 0.051335805361971736 2029
1760908619083 0.04863504281338686 2030
1760908619252 0.05016545025284738 2031
1760908619409 0.04977038117561722 2032
1760908619576 0.05047770106875242 2033
1760908619741 0.04899979602623157 2034
1760908619954 0.0503387634161232 2035
1760908620132 0.050180597332709895 2036
1760908620314 0.05089545041259817 2037
1760908702898 0.04699901110239901 2038
1760908703072 0.05050324282360713 2039
1760908703241 0.04765613807000084 2040
1760908703404 0.0478393226863205 2041
1760908703565 0.04892305208566753 2042
1760908703731 0.04905003846212106 2043
1760908703888 0.05073360503480543 2044
1760908704075 0.04889846385737848 2045
1760908704286 0.04800600407119399 2046
1760908704453 0.04952605830569459 2047
1760908704656 0.050244241391988936 2048
1760908704823 0.04956286778609488 2049
1760908705017 0.04819909702677523 2050
1760908705226 0.049995901064166307 2051
1760908705485 0.049623936645638966 2052
1760908705640 0.04824771436496682 2053
1760908774138 0.04979089083922957 2054
1760908774300 0.04941991966655241 2055
1760908774450 0.04973360613133019 2056
1760908774605 0.046147237248777916 2057
1760908774761 0.04781305409645366 2058
1760908774916 0.05002876055644241 2059
1760908775070 0.05152871483346304 2060
1760908775226 0.050259547191820034 2061
1760908775379 0.048567323380481246 2062
1760908775528 0.05038715458030801 2063
1760908775677 0.048872415061006494 2064
1760908775830 0.04957499033736211 2065
1760908775979 0.04967049484708379 2066
1760908776061 0.050733345761734994 2067
1760908942405 0.048887764777249106 2068
1760908942579 0.048215279992737274 2069
1760908942735 0.04848296245099487 2070
1760908943013 0.051047496596762075 2071
1760908943174 0.048241937652878514 2072
1760908943334 0.050698758495619584 2073
1760908943487 0.05042238256910962 2074
1760908943643 0.051144821341482266 2075
1760908943818 0.0495006396638535 2076
1760908943997 0.049556442988632765 2077
1760908944196 0.04908725640104179 2078
1760908944360 0.050453688796555665 2079
1760908944520 0.049563766538563474 2080
1760908944714 0.049423356577363894 2081
1760908944869 0.04888572964915594 2082
1760908945033 0.05100975613466916 2083
1760909023516 0.05133961966032863 2084
1760909023697 0.048451586969354477 2085
1760909023852 0.04866477591525328 2086
1760909024053 0.0501034225480283 2087
1760909024211 0.04926100955138012 2088
1760909024395 0.051235824977002443 2089
1760909024553 0.04950460734210838 2090
1760909024728 0.049295361223400225 2091
1760909024897 0.04886177588369903 2092
1760909025097 0.04879114564442201 2093
1760909025280 0.049968490145843966 2094
1760909025493 0.05014519362840443 2095
1760909025653 0.04879019894666832 2096
1760909025807 0.04962656582758085 2097
1760909025962 0.048805443091801876 2098
1760909026170 0.048096036989753954 2099
1760909106869 0.05030514594800238 2100
1760909107092 0.048388635058918474 2101
1760909107249 0.048203156418260146 2102
1760909107822 0.049309570748565346 2103
1760909108041 0.04999150183298999 2104
1760909108206 0.05052743604834757 2105
1760909108365 0.048720727869337774 2106
1760909108519 0.049679715406941646 2107
1760909108675 0.050267691151530916 2108
1760909108831 0.048753602224556464 2109
1760909108986 0.048451990522276805 2110
1760909109164 0.046352281173723676 2111
1760909109324 0.04966409605489934 2112
1760909109532 0.048081380191241106 2113
1760909109695 0.04866462874301379 2114
1760909109855 0.049255988368149844 2115
1760909194715 0.04808625385367632 2116
1760909194899 0.04977397620092809 2117
1760909195057 0.04897239062579748 2118
1760909195212 0.04656132811441798 2119
1760909195364 0.05075885775161761 2120
1760909195587 0.04862919970371528 2121
1760909195810 0.04979080919481534 2122
1760909195974 0.048106400505319113 2123
1760909196134 0.04696883534570844 2124
1760909196291 0.04838959368419357 2125
1760909196514 0.04967032493351947 2126
1760909196685 0.04934838082295108 2127
1760909196845 0.0491764831676278 2128
1760909197019 0.04999143388787486 2129
1760909197180 0.04857227785878975 2130
1760909197448 0.04785323428118968 2131
1760909279266 0.049792771957610484 2132
1760909279460 0.0500069657301566 2133
1760909279615 0.049393177345871994 2134
1760909279787 0.049517061101783055 2135
1760909279947 0.05070718085740488 2136
1760909280106 0.05025881364263494 2137
1760909280311 0.04793194879402567 2138
1760909280475 0.04909314744246013 2139
1760909280680 0.0500821800025409 2140
1760909280884 0.04916364544899482 2141
1760909281041 0.04929034242805642 2142
1760909281331 0.04826189799829854 2143
1760909281490 0.04768591816762246 2144
1760909281641 0.04962544368878688 2145
1760909281797 0.050326465002103124 2146
1760909281958 0.05008887224806957 2147
1760909349029 0.05071393994847273 2148
1760909349255 0.04787302218412724 2149
1760909349451 0.04972675669150809 2150
1760909349606 0.047952016163344345 2151
1760909349757 0.04911688928682834 2152
1760909349912 0.0488855499224748 2153
1760909350068 0.0496637236839726 2154
1760909350221 0.04846256359314135 2155
1760909350378 0.05005878403586389 2156
1760909350537 0.04801997357479574 2157
1760909350692 0.04783690450998404 2158
1760909350851 0.04935065551175276 2159
1760909351005 0.050138775303436904 2160
1760909351092 0.05050463626875721 2161
1760909514861 0.04912935191180748 2162
1760909515041 0.04959408266927773 2163
1760909515313 0.04800364476866628 2164
1760909515470 0.049523543379786455 2165
1760909515666 0.04948238380668388 2166
1760909515821 0.049553159581053066 2167
1760909515976 0.04876087081886697 2168
1760909516215 0.04893852828438997 2169
1760909516369 0.04891464641074069 2170
1760909516521 0.0481177983459117 2171
1760909516673 0.04708137699768265 2172
1760909516844 0.048344899322721305 2173
1760909517052 0.04929899013539235 2174
1760909517206 0.04782572820293421 2175
1760909517375 0.04911969380793109 2176
1760909517588 0.04662330115684067 2177
1760909600173 0.04898527786808052 2178
1760909600417 0.05254458782238119 2179
1760909600575 0.04626812133400593 2180
1760909600734 0.04825876150073778 2181
1760909600894 0.04906084155331923 2182
1760909601067 0.04787964278220575 2183
1760909601222 0.0482416530150125 2184
1760909601443 0.04848724201105127 2185
1760909601643 0.04958413468946191 2186
1760909601825 0.04989235368940136 2187
1760909602054 0.049779334036004985 2188
1760909602315 0.04670004335744457 2189
1760909602567 0.047641871853647905 2190
1760909602746 0.05162984852199094 2191
1760909602950 0.04873325626868479 2192
1760909603152 0.04948184955422079 2193
1760909686172 0.04840799600327127 2194
1760909686339 0.04670749604267059 2195
1760909686493 0.04741835199914675 2196
1760909686648 0.04861950303549488 2197
1760909686815 0.04851571107279855 2198
1760909686974 0.049000783703382636 2199
1760909687208 0.05045072755097224 2200
1760909687369 0.04986177590908736 2201
1760909687523 0.0498606645907171 2202
1760909687737 0.05088526080928289 2203
1760909687900 0.04770624155131809 2204
1760909688104 0.0495235153936551 2205
1760909688270 0.04892174797824782 2206
1760909688480 0.048927793436477005 2207
1760909688646 0.04871208011707258 2208
1760909688799 0.048876622884372084 2209
1760909768359 0.048110001534039326 2210
1760909768533 0.050282933916249724 2211
1760909768694 0.04792075070284599 2212
1760909768863 0.05081223814701943 2213
1760909769023 0.04833158669987043 2214
1760909769179 0.04918910128953062 2215
1760909769382 0.05008417927408542 2216
1760909769542 0.04722935243845221 2217
1760909769695 0.04981947489244842 2218
1760909769987 0.04821576488095593 2219
1760909770142 0.04838779298232086 2220
1760909770296 0.05014101914559681 2221
1760909770515 0.04857199345562034 2222
1760909770684 0.04792384390553072 2223
1760909770908 0.04875974003988692 2224
1760909771068 0.049672746628889784 2225
1760909850106 0.04822708721320164 2226
1760909850275 0.04931062251951786 2227
1760909850433 0.04907593206913635 2228
1760909850587 0.050634116422652614 2229
1760909850751 0.04858548703645103 2230
1760909850959 0.049644674010616646 2231
1760909851124 0.048222739105642926 2232
1760909851288 0.04727486243709102 2233
1760909851444 0.0500335842610384 2234
1760909851606 0.047812728652820456 2235
1760909851761 0.049572149375277416 2236
1760909851957 0.05068232238917988 2237
1760909852109 0.048095559162707205 2238
1760909852304 0.0500077308366078 2239
1760909852530 0.04938427669746871 2240
1760909852687 0.04675303912056912 2241
1760909927751 0.04936656171957685 2242
1760909927909 0.04711940970514746 2243
1760909928062 0.047864015286808614 2244
1760909928215 0.04864975853074849 2245
1760909928369 0.048541316460434906 2246
1760909928521 0.04888815609017546 2247
1760909928679 0.047210009151328364 2248
1760909928832 0.048407457806184384 2249
1760909928986 0.0479050425722293 2250
1760909929139 0.04766270071644244 2251
1760909929290 0.047366994986593684 2252
1760909929441 0.047505676995888126 2253
1760909929594 0.04897784580278129 2254
1760909929676 0.05040507614976818 2255
