1761247075175 0.0 0
1761247075335 0.0 1
1761247075533 0.0 2
1761247075684 0.0 3
1761247075837 0.0 4
1761247076048 0.0 5
1761247076203 0.0 6
1761247076372 0.0 7
1761247076587 0.0 8
1761247076722 0.0 9
1761247076900 0.0 10
1761247077095 0.0 11
1761247077244 0.0 12
1761247077410 0.0 13
1761247077609 0.0 14
1761247077804 0.0 15
1761247160734 0.0 16
1761247160938 0.0 17
1761247161145 0.0 18
1761247161388 0.0 19
1761247161579 0.0 20
1761247161737 0.0 21
1761247161868 0.0 22
1761247161999 0.0 23
1761247162128 0.0 24
1761247162259 0.0 25
1761247162397 0.0 26
1761247162541 0.0 27
1761247162846 0.0 28
1761247163041 0.0 29
1761247163221 0.0 30
1761247163359 0.0 31
1761247253165 0.0 32
1761247253328 0.0 33
1761247253596 0.0 34
1761247253891 0.0 35
1761247254019 0.0 36
1761247254156 0.0 37
1761247254285 0.0 38
1761247254479 0.0 39
1761247254607 0.0 40
1761247254838 0.0 41
1761247254978 0.0 42
1761247255118 0.0 43
1761247255301 0.0 44
1761247255516 0.0 45
1761247255652 0.0 46
1761247255802 0.0 47
1761247342236 0.0 48
1761247342426 0.0 49
1761247342562 0.0 50
1761247342743 0.0 51
1761247342875 0.0 52
1761247343060 0.0 53
1761247343192 0.0 54
1761247343328 0.0 55
1761247343509 0.0 56
1761247343687 0.0 57
1761247343864 0.0 58
1761247344042 0.0 59
1761247344200 0.0 60
1761247344349 0.0 61
1761247344479 0.0 62
1761247344637 0.0 63
1761247433637 0.0 64
1761247433823 0.0 65
1761247433956 0.0 66
1761247434131 0.0 67
1761247434273 0.0 68
1761247434404 0.0 69
1761247434539 0.0 70
1761247435091 0.0 71
1761247435238 0.0 72
1761247435464 0.0 73
1761247435614 0.0 74
1761247435747 0.0 75
1761247435940 0.0 76
1761247436171 0.0 77
1761247436304 0.0 78
1761247436447 0.0 79
1761247509193 0.0 80
1761247509336 0.0 81
1761247509473 0.0 82
1761247509606 0.0 83
1761247509737 0.0 84
1761247509872 0.0 85
1761247510007 0.0 86
1761247510146 0.0 87
1761247510275 0.0 88
1761247510407 0.0 89
1761247510540 0.0 90
1761247510672 0.0 91
1761247510804 0.0 92
1761247510951 0.0 93
1761247592694 0.0 93
1761247679818 1.0 94
1761247679967 1.0 95
1761247680192 1.0 96
1761247680343 1.0 97
1761247680536 1.0 98
1761247680672 1.0 99
1761247680865 1.0 100
1761247681005 1.0 101
1761247681147 1.0 102
1761247681321 1.0 103
1761247681468 1.0 104
1761247681650 1.0 105
1761247681802 1.0 106
1761247681948 1.0 107
1761247682083 1.0 108
1761247682217 1.0 109
1761247770053 1.0 110
1761247770215 1.0 111
1761247770365 1.0 112
1761247770520 1.0 113
1761247770655 1.0 114
1761247770798 1.0 115
1761247770939 1.0 116
1761247771122 1.0 117
1761247771416 1.0 118
1761247771553 1.0 119
1761247771730 1.0 120
1761247771913 1.0 121
1761247772053 1.0 122
1761247772233 1.0 123
1761247772374 1.0 124
1761247772513 1.0 125
1761247858818 1.0 126
1761247859021 1.0 127
1761247859315 1.0 128
1761247859446 1.0 129
1761247859625 1.0 130
1761247859810 1.0 131
1761247859951 1.0 132
1761247860091 1.0 133
1761247860241 1.0 134
1761247860385 1.0 135
1761247860530 1.0 136
1761247860670 1.0 137
1761247860807 1.0 138
1761247861013 1.0 139
1761247861162 1.0 140
1761247861296 1.0 141
1761247949762 1.0 142
1761247950018 1.0 143
1761247950149 1.0 144
1761247950298 1.0 145
1761247950491 1.0 146
1761247950643 1.0 147
1761247950826 1.0 148
1761247951054 1.0 149
1761247951330 1.0 150
1761247951555 1.0 151
1761247951692 1.0 152
1761247951834 1.0 153
1761247951971 1.0 154
1761247952122 1.0 155
1761247952271 1.0 156
1761247952432 1.0 157
1761248048723 1.0 158
1761248048885 1.0 159
1761248049034 1.0 160
1761248049183 1.0 161
1761248049323 1.0 162
1761248049450 1.0 163
1761248049602 1.0 164
1761248049792 1.0 165
1761248049927 1.0 166
1761248050106 1.0 167
1761248050244 1.0 168
1761248050389 1.0 169
1761248050568 1.0 170
1761248050778 1.0 171
1761248050914 1.0 172
1761248051059 1.0 173
1761248125272 1.0 174
1761248125413 1.0 175
1761248125547 1.0 176
1761248125673 1.0 177
1761248125809 1.0 178
1761248125933 1.0 179
1761248126068 1.0 180
1761248126205 1.0 181
1761248126338 1.0 182
1761248126476 1.0 183
1761248126603 1.0 184
1761248126741 1.0 185
1761248126880 1.0 186
1761248126955 1.0 187
1761248207676 1.0 187
