1761247075175 1.235455567522603 0
1761247075335 1.2087646082558683 1
1761247075533 1.1871270331865085 2
1761247075684 1.1668039742896519 3
1761247075837 1.1496689149256452 4
1761247076048 1.1324408268850146 5
1761247076203 1.116707284434768 6
1761247076372 1.1022556302880129 7
1761247076587 1.0895482233886917 8
1761247076722 1.0754991742243125 9
1761247076900 1.0622675814736717 10
1761247077095 1.0483266691225683 11
1761247077244 1.0353034617085295 12
1761247077410 1.022286550390437 13
1761247077609 1.0112527127747009 14
1761247077804 0.999178979962404 15
1761247160734 0.9881337774069248 16
1761247160938 0.977262809096705 17
1761247161145 0.9667505225062836 18
1761247161388 0.9579042716259115 19
1761247161579 0.9493268574468566 20
1761247161737 0.9390156289607408 21
1761247161868 0.929563564325167 22
1761247161999 0.9216138267054633 23
1761247162128 0.9134342930632735 24
1761247162259 0.9060209834646306 25
1761247162397 0.8971115822247475 26
1761247162541 0.8891672522588157 27
1761247162846 0.8826417857472384 28
1761247163041 0.8742317891502053 29
1761247163221 0.8672018226930494 30
1761247163359 0.8601452272951609 31
1761247253165 0.8529171317755383 32
1761247253328 0.8456572902351094 33
1761247253596 0.8383696219300063 34
1761247253891 0.8317350692155576 35
1761247254019 0.8249206623717733 36
1761247254156 0.8184796858559372 37
1761247254285 0.8112379904118412 38
1761247254479 0.8052532683037821 39
1761247254607 0.7972544647288211 40
1761247254838 0.7919719744560255 41
1761247254978 0.7846974206977533 42
1761247255118 0.7785549957554663 43
1761247255301 0.7731357143283843 44
1761247255516 0.7655058708193256 45
1761247255652 0.7583344054912756 46
1761247255802 0.7522157687126336 47
1761247342236 0.7468602470522253 48
1761247342426 0.7391008311011436 49
1761247342562 0.7336309651741025 50
1761247342743 0.72816717836432 51
1761247342875 0.7209648714951822 52
1761247343060 0.7150914282903214 53
1761247343192 0.7204324794865721 54
1761247343328 0.7047148781182536 55
1761247343509 0.7034661784237651 56
1761247343687 0.698492493475895 57
1761247343864 0.6922733520805797 58
1761247344042 0.6874107210887411 59
1761247344200 0.6819461872403552 60
1761247344349 0.676610695465187 61
1761247344479 0.6736928360047476 62
1761247344637 0.667640261054979 63
1761247433637 0.6623776213341578 64
1761247433823 0.6566327970635122 65
1761247433956 0.6525523722093675 66
1761247434131 0.6465185825538431 67
1761247434273 0.6427197500516396 68
1761247434404 0.6378000642311632 69
1761247434539 0.6339366461803427 70
1761247435091 0.6291925296401981 71
1761247435238 0.6252722448919132 72
1761247435464 0.6255289956198258 73
1761247435614 0.6171930423015368 74
1761247435747 0.6132125750982229 75
1761247435940 0.6101666108688326 76
1761247436171 0.6039134284339294 77
1761247436304 0.5996699373852621 78
1761247436447 0.5951641216035661 79
1761247509193 0.5909529908172972 80
1761247509336 0.5875263980847047 81
1761247509473 0.5820484901602268 82
1761247509606 0.5790837157209962 83
1761247509737 0.5744089137586283 84
1761247509872 0.5706633002471108 85
1761247510007 0.5671806276943593 86
1761247510146 0.5636185063679735 87
1761247510275 0.5581970804348966 88
1761247510407 0.5549359704961091 89
1761247510540 0.5517295286867362 90
1761247510672 0.548666571957737 91
1761247510804 0.5434622730813086 92
1761247510951 0.540578546718838 93
1761247679818 0.5368859363322593 94
1761247679967 0.5329805213303963 95
1761247680192 0.5296339517591026 96
1761247680343 0.5258971262833709 97
1761247680536 0.5213124410189794 98
1761247680672 0.5184119767985186 99
1761247680865 0.5160753814455874 100
1761247681005 0.512041000340266 101
1761247681147 0.5093071679323559 102
1761247681321 0.5044427696907794 103
1761247681468 0.5027180820373967 104
1761247681650 0.4985174135563128 105
1761247681802 0.4965303050502243 106
1761247681948 0.4940840165002761 107
1761247682083 0.49160744059788775 108
1761247682217 0.4881938738423345 109
1761247770053 0.4841644938564631 110
1761247770215 0.48255415493848375 111
1761247770365 0.4786883947398762 112
1761247770520 0.4756961009431312 113
1761247770655 0.4715429924015412 114
1761247770798 0.4695899082109746 115
1761247770939 0.46637101975426654 116
1761247771122 0.46415421397939066 117
1761247771416 0.45877830493601124 118
1761247771553 0.4577495293327124 119
1761247771730 0.4539920454381552 120
1761247771913 0.4509467293030328 121
1761247772053 0.44846261401594945 122
1761247772233 0.44584053033831933 123
1761247772374 0.44382819687382125 124
1761247772513 0.4397212874198355 125
1761247858818 0.43746118247878607 126
1761247859021 0.43433992968082724 127
1761247859315 0.4315076034702261 128
1761247859446 0.4301037058494328 129
1761247859625 0.42438355629130553 130
1761247859810 0.42528456380490465 131
1761247859951 0.42172598714505954 132
1761247860091 0.4199112781120008 133
1761247860241 0.41766554079833274 134
1761247860385 0.4141379552843617 135
1761247860530 0.41206351736361824 136
1761247860670 0.4069697971889648 137
1761247860807 0.40637150587612186 138
1761247861013 0.40493031925423983 139
1761247861162 0.40099403476464895 140
1761247861296 0.3975421795025843 141
1761247949762 0.39516374476934824 142
1761247950018 0.39536816868449354 143
1761247950149 0.39281990050588705 144
1761247950298 0.39108406140595126 145
1761247950491 0.3870242525746181 146
1761247950643 0.3859279021259891 147
1761247950826 0.38382291069535 148
1761247951054 0.38207399546689425 149
1761247951330 0.37816975499467154 150
1761247951555 0.3765735464894373 151
1761247951692 0.3743952382704343 152
1761247951834 0.3735448822087726 153
1761247951971 0.36825114606863096 154
1761247952122 0.37029193254415194 155
1761247952271 0.36626308960014387 156
1761247952432 0.364078208477745 157
1761248048723 0.3619621428002394 158
1761248048885 0.3602011529688975 159
1761248049034 0.35802845071322686 160
1761248049183 0.3574553513846508 161
1761248049323 0.35592938704423294 162
1761248049450 0.3524192740758897 163
1761248049602 0.35153312758690897 164
1761248049792 0.3508791890431564 165
1761248049927 0.3454832274279035 166
1761248050106 0.34598551616217643 167
1761248050244 0.34480855285399337 168
1761248050389 0.3440161425845655 169
1761248050568 0.340971701073461 170
1761248050778 0.33975257912428963 171
1761248050914 0.33424437345951596 172
1761248051059 0.33479655900877847 173
1761248125272 0.3341292568260073 174
1761248125413 0.33126084107401904 175
1761248125547 0.3304217889759944 176
1761248125673 0.3291897034703726 177
1761248125809 0.32546847531170653 178
1761248125933 0.3266511419199109 179
1761248126068 0.32526997549500697 180
1761248126205 0.3200554334006861 181
1761248126338 0.3193932539941955 182
1761248126476 0.3201537126991485 183
1761248126603 0.3174091983367151 184
1761248126741 0.3153829434733429 185
1761248126880 0.3140384348213081 186
1761248126955 0.31079465626319847 187
