1760881937710 0.0 0
1760881937898 0.0 1
1760881938099 0.0 2
1760881938248 0.0 3
1760881938395 0.0 4
1760881938544 0.0 5
1760881938692 0.0 6
1760881938844 0.0 7
1760881938994 0.0 8
1760881939146 0.0 9
1760881939302 0.0 10
1760881939451 0.0 11
1760881939601 0.0 12
1760881939800 0.0 13
1760881939949 0.0 14
1760881940096 0.0 15
1760881983372 0.0 16
1760881983544 0.0 17
1760881983723 0.0 18
1760881983881 0.0 19
1760881984044 0.0 20
1760881984236 0.0 21
1760881984391 0.0 22
1760881984538 0.0 23
1760881984686 0.0 24
1760881984842 0.0 25
1760881984989 0.0 26
1760881985146 0.0 27
1760881985339 0.0 28
1760881985538 0.0 29
1760881985687 0.0 30
1760881985833 0.0 31
1760882031136 0.0 32
1760882031485 0.0 33
1760882031679 0.0 34
1760882031832 0.0 35
1760882032017 0.0 36
1760882032173 0.0 37
1760882032323 0.0 38
1760882032476 0.0 39
1760882032665 0.0 40
1760882032818 0.0 41
1760882032977 0.0 42
1760882033133 0.0 43
1760882033282 0.0 44
1760882033430 0.0 45
1760882033627 0.0 46
1760882033777 0.0 47
1760882078720 0.0 48
1760882079354 0.0 49
1760882079544 0.0 50
1760882079694 0.0 51
1760882079864 0.0 52
1760882080439 0.0 53
1760882080635 0.0 54
1760882080784 0.0 55
1760882080982 0.0 56
1760882081176 0.0 57
1760882081324 0.0 58
1760882081516 0.0 59
1760882081663 0.0 60
1760882081813 0.0 61
1760882082002 0.0 62
1760882082156 0.0 63
1760882127376 0.0 64
1760882127575 0.0 65
1760882127914 0.0 66
1760882128102 0.0 67
1760882128266 0.0 68
1760882128971 0.0 69
1760882129170 0.0 70
1760882129414 0.0 71
1760882129562 0.0 72
1760882129710 0.0 73
1760882129862 0.0 74
1760882130014 0.0 75
1760882130162 0.0 76
1760882130313 0.0 77
1760882130463 0.0 78
1760882130614 0.0 79
1760882174915 0.0 80
1760882175613 0.0 81
1760882176018 0.0 82
1760882176167 0.0 83
1760882176315 0.0 84
1760882177528 0.0 85
1760882177682 0.0 86
1760882177837 0.0 87
1760882177987 0.0 88
1760882178138 0.0 89
1760882178288 0.0 90
1760882178442 0.0 91
1760882178594 0.0 92
1760882178784 0.0 93
1760882178930 0.0 94
1760882179080 0.0 95
1760882223848 0.0 96
1760882224320 0.0 97
1760882224649 0.0 98
1760882224801 0.0 99
1760882224952 0.0 100
1760882225789 0.0 101
1760882225935 0.0 102
1760882226083 0.0 103
1760882226235 0.0 104
1760882226384 0.0 105
1760882226577 0.0 106
1760882226730 0.0 107
1760882226924 0.0 108
1760882227073 0.0 109
1760882227222 0.0 110
1760882227374 0.0 111
1760882269438 0.0 112
1760882269904 0.0 113
1760882270053 0.0 114
1760882270200 0.0 115
1760882270396 0.0 116
1760882271676 0.0 117
1760882271825 0.0 118
1760882271975 0.0 119
1760882272122 0.0 120
1760882272271 0.0 121
1760882272423 0.0 122
1760882272571 0.0 123
1760882272760 0.0 124
1760882272921 0.0 125
1760882273076 0.0 126
1760882273270 0.0 127
1760882316296 0.0 128
1760882317105 0.0 129
1760882317270 0.0 130
1760882317521 0.0 131
1760882317671 0.0 132
1760882318185 0.0 133
1760882318332 0.0 134
1760882318488 0.0 135
1760882318641 0.0 136
1760882318788 0.0 137
1760882318936 0.0 138
1760882319083 0.0 139
1760882319272 0.0 140
1760882319421 0.0 141
1760882319570 0.0 142
1760882319719 0.0 143
1760882362474 0.0 144
1760882364778 0.0 145
1760882364943 0.0 146
1760882365091 0.0 147
1760882365239 0.0 148
1760882365392 0.0 149
1760882365546 0.0 150
1760882365708 0.0 151
1760882365899 0.0 152
1760882366088 0.0 153
1760882366241 0.0 154
1760882366398 0.0 155
1760882366545 0.0 156
1760882366695 0.0 157
1760882366885 0.0 158
1760882367035 0.0 159
1760882410095 0.0 160
1760882411788 0.0 161
1760882411934 0.0 162
1760882412085 0.0 163
1760882412282 0.0 164
1760882412441 0.0 165
1760882412587 0.0 166
1760882412735 0.0 167
1760882412881 0.0 168
1760882413030 0.0 169
1760882413177 0.0 170
1760882413323 0.0 171
1760882413470 0.0 172
1760882413617 0.0 173
1760882413765 0.0 174
1760882413917 0.0 175
1760882448713 0.0 176
1760882450571 0.0 177
1760882450773 0.0 178
1760882450920 0.0 179
1760882451065 0.0 180
1760882451216 0.0 181
1760882451361 0.0 182
1760882451506 0.0 183
1760882451650 0.0 184
1760882451795 0.0 185
1760882451942 0.0 186
1760882452053 0.0 187
1760882544805 0.0 187
1760882593254 1.0 188
1760882593431 1.0 189
1760882593582 1.0 190
1760882593776 1.0 191
1760882593967 1.0 192
1760882594114 1.0 193
1760882594307 1.0 194
1760882594456 1.0 195
1760882594603 1.0 196
1760882594751 1.0 197
1760882594912 1.0 198
1760882595061 1.0 199
1760882595210 1.0 200
1760882595360 1.0 201
1760882595510 1.0 202
1760882595661 1.0 203
1760882640971 1.0 204
1760882641166 1.0 205
1760882641315 1.0 206
1760882641468 1.0 207
1760882641616 1.0 208
1760882641767 1.0 209
1760882641918 1.0 210
1760882642066 1.0 211
1760882642263 1.0 212
1760882642456 1.0 213
1760882642607 1.0 214
1760882642759 1.0 215
1760882642914 1.0 216
1760882643074 1.0 217
1760882643221 1.0 218
1760882643377 1.0 219
1760882687837 1.0 220
1760882688111 1.0 221
1760882688289 1.0 222
1760882688524 1.0 223
1760882688674 1.0 224
1760882688826 1.0 225
1760882688984 1.0 226
1760882689138 1.0 227
1760882689342 1.0 228
1760882689503 1.0 229
1760882689657 1.0 230
1760882689807 1.0 231
1760882689955 1.0 232
1760882690111 1.0 233
1760882690352 1.0 234
1760882690544 1.0 235
1760882736216 1.0 236
1760882737106 1.0 237
1760882737264 1.0 238
1760882737424 1.0 239
1760882737623 1.0 240
1760882737780 1.0 241
1760882737939 1.0 242
1760882738087 1.0 243
1760882738236 1.0 244
1760882738386 1.0 245
1760882738536 1.0 246
1760882738689 1.0 247
1760882738841 1.0 248
1760882738992 1.0 249
1760882739184 1.0 250
1760882739375 1.0 251
1760882784376 1.0 252
1760882785198 1.0 253
1760882785353 1.0 254
1760882785520 1.0 255
1760882785670 1.0 256
1760882785821 1.0 257
1760882785976 1.0 258
1760882786127 1.0 259
1760882786280 1.0 260
1760882786435 1.0 261
1760882786627 1.0 262
1760882786780 1.0 263
1760882786928 1.0 264
1760882787123 1.0 265
1760882787272 1.0 266
1760882787420 1.0 267
1760882832223 1.0 268
1760882833565 1.0 269
1760882833717 1.0 270
1760882833887 1.0 271
1760882834038 1.0 272
1760882834187 1.0 273
1760882834336 1.0 274
1760882834486 1.0 275
1760882834642 1.0 276
1760882834791 1.0 277
1760882834949 1.0 278
1760882835099 1.0 279
1760882835250 1.0 280
1760882835400 1.0 281
1760882835551 1.0 282
1760882835750 1.0 283
1760882881418 1.0 284
1760882882688 1.0 285
1760882882844 1.0 286
1760882883575 1.0 287
1760882883729 1.0 288
1760882883877 1.0 289
1760882884029 1.0 290
1760882884177 1.0 291
1760882884327 1.0 292
1760882884477 1.0 293
1760882884634 1.0 294
1760882884793 1.0 295
1760882884948 1.0 296
1760882885098 1.0 297
1760882885250 1.0 298
1760882885404 1.0 299
1760882928691 1.0 300
1760882930603 1.0 301
1760882930772 1.0 302
1760882931349 1.0 303
1760882931497 1.0 304
1760882931645 1.0 305
1760882931796 1.0 306
1760882931944 1.0 307
1760882932093 1.0 308
1760882932243 1.0 309
1760882932397 1.0 310
1760882932545 1.0 311
1760882932695 1.0 312
1760882932847 1.0 313
1760882932997 1.0 314
1760882933207 1.0 315
1760882977167 1.0 316
1760882978305 1.0 317
1760882978459 1.0 318
1760882979289 1.0 319
1760882979489 1.0 320
1760882979638 1.0 321
1760882979794 1.0 322
1760882979943 1.0 323
1760882980093 1.0 324
1760882980249 1.0 325
1760882980408 1.0 326
1760882980561 1.0 327
1760882980758 1.0 328
1760882980905 1.0 329
1760882981056 1.0 330
1760882981206 1.0 331
1760883023943 1.0 332
1760883025586 1.0 333
1760883025736 1.0 334
1760883026282 1.0 335
1760883026523 1.0 336
1760883026679 1.0 337
1760883026828 1.0 338
1760883026977 1.0 339
1760883027125 1.0 340
1760883027276 1.0 341
1760883027426 1.0 342
1760883027621 1.0 343
1760883027830 1.0 344
1760883027977 1.0 345
1760883028134 1.0 346
1760883028284 1.0 347
1760883070602 1.0 348
1760883072008 1.0 349
1760883072174 1.0 350
1760883072602 1.0 351
1760883072751 1.0 352
1760883072903 1.0 353
1760883073052 1.0 354
1760883073201 1.0 355
1760883073393 1.0 356
1760883073542 1.0 357
1760883073695 1.0 358
1760883073885 1.0 359
1760883074036 1.0 360
1760883074185 1.0 361
1760883074332 1.0 362
1760883074487 1.0 363
1760883110967 1.0 364
1760883112375 1.0 365
1760883112525 1.0 366
1760883112674 1.0 367
1760883112824 1.0 368
1760883112971 1.0 369
1760883113119 1.0 370
1760883113267 1.0 371
1760883113418 1.0 372
1760883113567 1.0 373
1760883113716 1.0 374
1760883113733 1.0 375
1760883204919 1.0 375
1760883252600 2.0 376
1760883252928 2.0 377
1760883253078 2.0 378
1760883253230 2.0 379
1760883253378 2.0 380
1760883253530 2.0 381
1760883253677 2.0 382
1760883253825 2.0 383
1760883253978 2.0 384
1760883254127 2.0 385
1760883254282 2.0 386
1760883254438 2.0 387
1760883254587 2.0 388
1760883254738 2.0 389
1760883254935 2.0 390
1760883255087 2.0 391
1760883298400 2.0 392
1760883298642 2.0 393
1760883298789 2.0 394
1760883298939 2.0 395
1760883299092 2.0 396
1760883299247 2.0 397
1760883299402 2.0 398
1760883299554 2.0 399
1760883299705 2.0 400
1760883299852 2.0 401
1760883300001 2.0 402
1760883300193 2.0 403
1760883300383 2.0 404
1760883300531 2.0 405
1760883300678 2.0 406
1760883300828 2.0 407
1760883344985 2.0 408
1760883345178 2.0 409
1760883345375 2.0 410
1760883345537 2.0 411
1760883345686 2.0 412
1760883345834 2.0 413
1760883345981 2.0 414
1760883346133 2.0 415
1760883346280 2.0 416
1760883346433 2.0 417
1760883346586 2.0 418
1760883346741 2.0 419
1760883346888 2.0 420
1760883347037 2.0 421
1760883347240 2.0 422
1760883347395 2.0 423
1760883391764 2.0 424
1760883392056 2.0 425
1760883392208 2.0 426
1760883392364 2.0 427
1760883392512 2.0 428
1760883392660 2.0 429
1760883392807 2.0 430
1760883392957 2.0 431
1760883393104 2.0 432
1760883393252 2.0 433
1760883393401 2.0 434
1760883393550 2.0 435
1760883393701 2.0 436
1760883393893 2.0 437
1760883394089 2.0 438
1760883394238 2.0 439
1760883439127 2.0 440
1760883439329 2.0 441
1760883439480 2.0 442
1760883439670 2.0 443
1760883439826 2.0 444
1760883439982 2.0 445
1760883440177 2.0 446
1760883440329 2.0 447
1760883440476 2.0 448
1760883440628 2.0 449
1760883440782 2.0 450
1760883440935 2.0 451
1760883441086 2.0 452
1760883441234 2.0 453
1760883441384 2.0 454
1760883441532 2.0 455
1760883486914 2.0 456
1760883487075 2.0 457
1760883487224 2.0 458
1760883487375 2.0 459
1760883487522 2.0 460
1760883487677 2.0 461
1760883487824 2.0 462
1760883487971 2.0 463
1760883488167 2.0 464
1760883488360 2.0 465
1760883488511 2.0 466
1760883488660 2.0 467
1760883488810 2.0 468
1760883488965 2.0 469
1760883489112 2.0 470
1760883489259 2.0 471
1760883533120 2.0 472
1760883533275 2.0 473
1760883533431 2.0 474
1760883533634 2.0 475
1760883533783 2.0 476
1760883533931 2.0 477
1760883534086 2.0 478
1760883534242 2.0 479
1760883534438 2.0 480
1760883534630 2.0 481
1760883534780 2.0 482
1760883534930 2.0 483
1760883535127 2.0 484
1760883535275 2.0 485
1760883535426 2.0 486
1760883535573 2.0 487
1760883578561 2.0 488
1760883578762 2.0 489
1760883578955 2.0 490
1760883579151 2.0 491
1760883579301 2.0 492
1760883579453 2.0 493
1760883579612 2.0 494
1760883579764 2.0 495
1760883579924 2.0 496
1760883580077 2.0 497
1760883580225 2.0 498
1760883580375 2.0 499
1760883580524 2.0 500
1760883580722 2.0 501
1760883580870 2.0 502
1760883581018 2.0 503
1760883628893 2.0 504
1760883629131 2.0 505
1760883629373 2.0 506
1760883629527 2.0 507
1760883629686 2.0 508
1760883629834 2.0 509
1760883629986 2.0 510
1760883630144 2.0 511
1760883630299 2.0 512
1760883630447 2.0 513
1760883630597 2.0 514
1760883630747 2.0 515
1760883630895 2.0 516
1760883631044 2.0 517
1760883631193 2.0 518
1760883631348 2.0 519
1760883675919 2.0 520
1760883676307 2.0 521
1760883676499 2.0 522
1760883676647 2.0 523
1760883676797 2.0 524
1760883676944 2.0 525
1760883677093 2.0 526
1760883677288 2.0 527
1760883677478 2.0 528
1760883677666 2.0 529
1760883677858 2.0 530
1760883678008 2.0 531
1760883678161 2.0 532
1760883678310 2.0 533
1760883678459 2.0 534
1760883678611 2.0 535
1760883724544 2.0 536
1760883725100 2.0 537
1760883725246 2.0 538
1760883725395 2.0 539
1760883725545 2.0 540
1760883725693 2.0 541
1760883725841 2.0 542
1760883726000 2.0 543
1760883726194 2.0 544
1760883726343 2.0 545
1760883726492 2.0 546
1760883726639 2.0 547
1760883726787 2.0 548
1760883726934 2.0 549
1760883727083 2.0 550
1760883727234 2.0 551
1760883765666 2.0 552
1760883766011 2.0 553
1760883766312 2.0 554
1760883766459 2.0 555
1760883766606 2.0 556
1760883766752 2.0 557
1760883766897 2.0 558
1760883767042 2.0 559
1760883767188 2.0 560
1760883767335 2.0 561
1760883767481 2.0 562
1760883767498 2.0 563
1760883859586 2.0 563
