1760881937710 1.0626841622969418 0
1760881937898 1.0364349958690355 1
1760881938099 1.0162236432763763 2
1760881938248 0.9981004706158488 3
1760881938395 0.9824964200674019 4
1760881938544 0.9667704314311429 5
1760881938692 0.9518845400631317 6
1760881938844 0.9392449240094356 7
1760881938994 0.9266152456668342 8
1760881939146 0.9134736971814488 9
1760881939302 0.9026199680910962 10
1760881939451 0.8911222641682472 11
1760881939601 0.8809914039289464 12
1760881939800 0.8706792319875667 13
1760881939949 0.8608171801504219 14
1760881940096 0.8514859276517495 15
1760881983372 0.8427491105278679 16
1760881983544 0.8328171709836507 17
1760881983723 0.8240813229422826 18
1760881983881 0.8150839898107487 19
1760881984044 0.8069069464274954 20
1760881984236 0.7988014399806384 21
1760881984391 0.7911063258364222 22
1760881984538 0.7828146142869971 23
1760881984686 0.7756826370082999 24
1760881984842 0.7676788572402622 25
1760881984989 0.7601701332914476 26
1760881985146 0.7537894364714989 27
1760881985339 0.747094490041257 28
1760881985538 0.7397285371990775 29
1760881985687 0.7332489132667696 30
1760881985833 0.726846283867109 31
1760882031136 0.7206730435829841 32
1760882031485 0.7140691178917502 33
1760882031679 0.7078624345605701 34
1760882031832 0.7020620278531816 35
1760882032017 0.6960842732388406 36
1760882032173 0.6894742295438736 37
1760882032323 0.6837307120353595 38
1760882032476 0.678366765248072 39
1760882032665 0.6725182825363976 40
1760882032818 0.6670280351849063 41
1760882032977 0.6601350855677995 42
1760882033133 0.6544502261151064 43
1760882033282 0.6484279772186192 44
1760882033430 0.6423896353551933 45
1760882033627 0.6375197316003471 46
1760882033777 0.6323138505114484 47
1760882078720 0.6256524375911688 48
1760882079354 0.6211818282568505 49
1760882079544 0.6159606072756301 50
1760882079694 0.6099830585805522 51
1760882079864 0.6049609815241603 52
1760882080439 0.6002887823102191 53
1760882080635 0.5957047379662419 54
1760882080784 0.5907886534929618 55
1760882080982 0.5868504381087551 56
1760882081176 0.582144173144785 57
1760882081324 0.5763228893408288 58
1760882081516 0.5730886621498976 59
1760882081663 0.5683118096630743 60
1760882081813 0.5638816753906606 61
1760882082002 0.5594821560713401 62
1760882082156 0.5553542949350583 63
1760882127376 0.5509882871996309 64
1760882127575 0.5463314835394721 65
1760882127914 0.5425437143983005 66
1760882128102 0.5382933426348468 67
1760882128266 0.5345555955693572 68
1760882128971 0.5306645802587777 69
1760882129170 0.5261723212872212 70
1760882129414 0.5217043108653745 71
1760882129562 0.5187608785898803 72
1760882129710 0.5150221733067963 73
1760882129862 0.5111904463999482 74
1760882130014 0.5076487075468287 75
1760882130162 0.5032418543842675 76
1760882130313 0.49954987723434374 77
1760882130463 0.49689054740065475 78
1760882130614 0.49256717569959085 79
1760882174915 0.4884863803746523 80
1760882175613 0.484880424095441 81
1760882176018 0.48160534209730516 82
1760882176167 0.47802760832438285 83
1760882176315 0.47480376666708834 84
1760882177528 0.4714647049788317 85
1760882177682 0.46755558521135204 86
1760882177837 0.46436627173283357 87
1760882177987 0.4602463915186147 88
1760882178138 0.45745470346116657 89
1760882178288 0.4539245260508571 90
1760882178442 0.45109200173645625 91
1760882178594 0.44722084755416813 92
1760882178784 0.44496706879648457 93
1760882178930 0.43967662382907835 94
1760882179080 0.43701104467863383 95
1760882223848 0.43405827717808354 96
1760882224320 0.43139586781239414 97
1760882224649 0.42838233682265653 98
1760882224801 0.4243512072359622 99
1760882224952 0.42197733650850455 100
1760882225789 0.4178851878173526 101
1760882225935 0.4155919616051849 102
1760882226083 0.41234847319887213 103
1760882226235 0.40977280872835864 104
1760882226384 0.4075894425843357 105
1760882226577 0.4032680675536036 106
1760882226730 0.40048797388509394 107
1760882226924 0.3976994653582915 108
1760882227073 0.3934878376271158 109
1760882227222 0.3908184787075035 110
1760882227374 0.3881385709203511 111
1760882269438 0.386630184438863 112
1760882269904 0.3836724524891817 113
1760882270053 0.38041714920368896 114
1760882270200 0.3778945151759089 115
1760882270396 0.3749558690405058 116
1760882271676 0.3739460681852656 117
1760882271825 0.3690815197510029 118
1760882271975 0.366373133431655 119
1760882272122 0.36377699330946145 120
1760882272271 0.3617505385895532 121
1760882272423 0.3586409029078355 122
1760882272571 0.35692107047510596 123
1760882272760 0.35380685305237647 124
1760882272921 0.3497226561301817 125
1760882273076 0.3487073733920904 126
1760882273270 0.3452423016064785 127
1760882316296 0.3443949178473972 128
1760882317105 0.3414666287559128 129
1760882317270 0.3386790384749076 130
1760882317521 0.33643452902222426 131
1760882317671 0.3339684968269877 132
1760882318185 0.3319611183901816 133
1760882318332 0.3289078262293024 134
1760882318488 0.326191870909662 135
1760882318641 0.32527274629917413 136
1760882318788 0.322721338917485 137
1760882318936 0.31966134123918594 138
1760882319083 0.3190396438633416 139
1760882319272 0.3169002852477009 140
1760882319421 0.3126442970331895 141
1760882319570 0.3119034731039184 142
1760882319719 0.3089581669242043 143
1760882362474 0.3080583245885158 144
1760882364778 0.30543552849608346 145
1760882364943 0.30309995919979404 146
1760882365091 0.30111953310303075 147
1760882365239 0.29866285722464153 148
1760882365392 0.29719003980022995 149
1760882365546 0.29570487581803045 150
1760882365708 0.293520557977315 151
1760882365899 0.29027208482017075 152
1760882366088 0.2880305914099154 153
1760882366241 0.28815897765805054 154
1760882366398 0.285267605582365 155
1760882366545 0.28369946043074645 156
1760882366695 0.2824415361696321 157
1760882366885 0.279350889474446 158
1760882367035 0.2785765995325431 159
1760882410095 0.2761145540105847 160
1760882411788 0.2742300088822181 161
1760882411934 0.27208286034923435 162
1760882412085 0.2714794561464662 163
1760882412282 0.2669437476766403 164
1760882412441 0.2670986339743297 165
1760882412587 0.2655588808433741 166
1760882412735 0.264345606725363 167
1760882412881 0.2615969657564421 168
1760882413030 0.2613959586973661 169
1760882413177 0.2575541195196863 170
1760882413323 0.25535017180443254 171
1760882413470 0.25417263990287076 172
1760882413617 0.2520577722987916 173
1760882413765 0.2519701046670003 174
1760882413917 0.2503804121830024 175
1760882448713 0.24809505164183754 176
1760882450571 0.24665743782397376 177
1760882450773 0.24652136995993076 178
1760882450920 0.2433265765202098 179
1760882451065 0.24200314484871038 180
1760882451216 0.24055966906944515 181
1760882451361 0.23857124769875987 182
1760882451506 0.2366295386997335 183
1760882451650 0.23681227851498649 184
1760882451795 0.2341886440676338 185
1760882451942 0.2334234464505635 186
1760882452053 0.23997047898811716 187
1760882593254 0.2302025470778949 188
1760882593431 0.22892313523386856 189
1760882593582 0.22762144827328967 190
1760882593776 0.22561281209773398 191
1760882593967 0.22589717328943187 192
1760882594114 0.22351987890330244 193
1760882594307 0.22268146266227715 194
1760882594456 0.21954182612969525 195
1760882594603 0.2199216047149975 196
1760882594751 0.21853573696064915 197
1760882594912 0.2157678408196091 198
1760882595061 0.21601013412079578 199
1760882595210 0.2137909625857558 200
1760882595360 0.21262373722752542 201
1760882595510 0.21175738951972656 202
1760882595661 0.20981105721827736 203
1760882640971 0.20915517162023226 204
1760882641166 0.20704761848496012 205
1760882641315 0.20674153607808277 206
1760882641468 0.2057464158355754 207
1760882641616 0.2037827998651996 208
1760882641767 0.20240590584729656 209
1760882641918 0.20292636655717594 210
1760882642066 0.20285694043238078 211
1760882642263 0.20069811961106795 212
1760882642456 0.1995435755710466 213
1760882642607 0.1977840705581631 214
1760882642759 0.19764211351620778 215
1760882642914 0.19633017204130404 216
1760882643074 0.19508484194859088 217
1760882643221 0.19418730868226555 218
1760882643377 0.1929296779986689 219
1760882687837 0.1907246374463863 220
1760882688111 0.18942946908541852 221
1760882688289 0.19180490687409466 222
1760882688524 0.18793285828279202 223
1760882688674 0.18735686430468346 224
1760882688826 0.1876477651100572 225
1760882688984 0.18596651027395775 226
1760882689138 0.18367655013220574 227
1760882689342 0.1825131548359648 228
1760882689503 0.18103451783685284 229
1760882689657 0.181464057562985 230
1760882689807 0.1800191474735369 231
1760882689955 0.17917442536979078 232
1760882690111 0.17724345516935475 233
1760882690352 0.1761633486412651 234
1760882690544 0.17643605258060865 235
1760882736216 0.17463012758989438 236
1760882737106 0.17444172490678161 237
1760882737264 0.1734216124898559 238
1760882737424 0.1724222475005545 239
1760882737623 0.17095870139330965 240
1760882737780 0.1697187921687105 241
1760882737939 0.17092667156521274 242
1760882738087 0.16865146218776242 243
1760882738236 0.16865048609325453 244
1760882738386 0.1675861881374229 245
1760882738536 0.16742926139134223 246
1760882738689 0.16595542596069765 247
1760882738841 0.16738901199337078 248
1760882738992 0.16481864483947076 249
1760882739184 0.16332562278749674 250
1760882739375 0.1631185339649139 251
1760882784376 0.16322644899189964 252
1760882785198 0.16199237509189618 253
1760882785353 0.160828214606685 254
1760882785520 0.15904807590675824 255
1760882785670 0.1598028354063526 256
1760882785821 0.15749531872438777 257
1760882785976 0.1576988161671158 258
1760882786127 0.15805300514792042 259
1760882786280 0.15489996919014265 260
1760882786435 0.1556823524949468 261
1760882786627 0.15492829087806886 262
1760882786780 0.15402021314494296 263
1760882786928 0.15343125679060832 264
1760882787123 0.1515064432900252 265
1760882787272 0.15199206177072655 266
1760882787420 0.1525512355877532 267
1760882832223 0.15220606702296505 268
1760882833565 0.14942892453293852 269
1760882833717 0.15024157498278645 270
1760882833887 0.1499224995472598 271
1760882834038 0.14882240449724937 272
1760882834187 0.14794007252632646 273
1760882834336 0.14620287948744345 274
1760882834486 0.14658478200686653 275
1760882834642 0.14491025163638127 276
1760882834791 0.14388224979031283 277
1760882834949 0.14423649091382573 278
1760882835099 0.1426043526169024 279
1760882835250 0.14447340467748881 280
1760882835400 0.14217340876062964 281
1760882835551 0.14365588839669485 282
1760882835750 0.14086304869619726 283
1760882881418 0.14141622812624569 284
1760882882688 0.14072066780715156 285
1760882882844 0.14099060951142423 286
1760882883575 0.13980497832791355 287
1760882883729 0.14057489049245 288
1760882883877 0.13871427934592884 289
1760882884029 0.13872748720775702 290
1760882884177 0.1379621381589029 291
1760882884327 0.13777916190872797 292
1760882884477 0.13356969057179108 293
1760882884634 0.13565924984885813 294
1760882884793 0.13628806710981634 295
1760882884948 0.13653349377779347 296
1760882885098 0.13557763618018487 297
1760882885250 0.13498173715174366 298
1760882885404 0.13443210954287058 299
1760882928691 0.13297656269778935 300
1760882930603 0.132589887765092 301
1760882930772 0.1334786672266121 302
1760882931349 0.1326856312393611 303
1760882931497 0.1320230656275691 304
1760882931645 0.13236310645571484 305
1760882931796 0.13027930781351515 306
1760882931944 0.1301155799149552 307
1760882932093 0.12892589271014687 308
1760882932243 0.12918939223543133 309
1760882932397 0.12811670638189115 310
1760882932545 0.12763983582492974 311
1760882932695 0.12854805219435736 312
1760882932847 0.12890695286828763 313
1760882932997 0.1278033902035347 314
1760882933207 0.12751545770602069 315
1760882977167 0.12577056718527108 316
1760882978305 0.12472314965279899 317
1760882978459 0.12255630132256073 318
1760882979289 0.12437302431491584 319
1760882979489 0.12381544621751894 320
1760882979638 0.12382703924512566 321
1760882979794 0.12279289603110674 322
1760882979943 0.12430412465781317 323
1760882980093 0.12276675371984995 324
1760882980249 0.12279096364401587 325
1760882980408 0.12073408384649359 326
1760882980561 0.12247543419878237 327
1760882980758 0.12118218128131006 328
1760882980905 0.12114732391459859 329
1760882981056 0.1194063945567013 330
1760882981206 0.12006942752525135 331
1760883023943 0.12035914006228031 332
1760883025586 0.1183576831466079 333
1760883025736 0.11733662655340248 334
1760883026282 0.11813433980975602 335
1760883026523 0.11810180523545076 336
1760883026679 0.11516112115859214 337
1760883026828 0.11589053291235826 338
1760883026977 0.1157502024383488 339
1760883027125 0.1167767444478016 340
1760883027276 0.11487501857566326 341
1760883027426 0.11424593215383094 342
1760883027621 0.1161782496107807 343
1760883027830 0.11363890780124589 344
1760883027977 0.11388968275807909 345
1760883028134 0.11418184360076332 346
1760883028284 0.11156434001356583 347
1760883070602 0.11389182199407098 348
1760883072008 0.11348375309190203 349
1760883072174 0.11207528084616523 350
1760883072602 0.11330646429466033 351
1760883072751 0.1131993288991443 352
1760883072903 0.11367015784266987 353
1760883073052 0.11366022899756631 354
1760883073201 0.11312472393028147 355
1760883073393 0.11007153280526155 356
1760883073542 0.11060861786672657 357
1760883073695 0.10966131923513131 358
1760883073885 0.10949896887814609 359
1760883074036 0.11031858820025037 360
1760883074185 0.11014704815985538 361
1760883074332 0.10962070916859559 362
1760883074487 0.10917780429584202 363
1760883110967 0.10918639445704444 364
1760883112375 0.10916250521528423 365
1760883112525 0.1078202350983373 366
1760883112674 0.10930016327956625 367
1760883112824 0.1080859964677266 368
1760883112971 0.10732379939388129 369
1760883113119 0.1070104497484562 370
1760883113267 0.1069117832590225 371
1760883113418 0.10660108168509336 372
1760883113567 0.10687938062800106 373
1760883113716 0.10424739614044429 374
1760883113733 0.10079528299591692 375
1760883252600 0.10578049858749322 376
1760883252928 0.10548773846311338 377
1760883253078 0.1057713642532814 378
1760883253230 0.10287247822258631 379
1760883253378 0.10256926834058894 380
1760883253530 0.10465957247691575 381
1760883253677 0.10205260668827602 382
1760883253825 0.10272713706092093 383
1760883253978 0.10328750856049762 384
1760883254127 0.1010474135379599 385
1760883254282 0.10152274300591968 386
1760883254438 0.10075717831583816 387
1760883254587 0.10259928188376492 388
1760883254738 0.1016731478667143 389
1760883254935 0.09999563193051997 390
1760883255087 0.10111226274491084 391
1760883298400 0.10250781065978026 392
1760883298642 0.10073424334789828 393
1760883298789 0.10263261805156187 394
1760883298939 0.10205923057484864 395
1760883299092 0.09965143374776594 396
1760883299247 0.10125600698792434 397
1760883299402 0.09830488900733139 398
1760883299554 0.09762960912655955 399
1760883299705 0.09974338733264294 400
1760883299852 0.0987217764244159 401
1760883300001 0.09662789971107894 402
1760883300193 0.09811605024774014 403
1760883300383 0.09790406565047974 404
1760883300531 0.09535803878042518 405
1760883300678 0.09561178429198929 406
1760883300828 0.09560011765901838 407
1760883344985 0.09464554193822969 408
1760883345178 0.09606944037851424 409
1760883345375 0.09398998267769038 410
1760883345537 0.09558012131683497 411
1760883345686 0.09436160567886279 412
1760883345834 0.09566992326241346 413
1760883345981 0.09528719791294413 414
1760883346133 0.09532637681007389 415
1760883346280 0.09274147041397132 416
1760883346433 0.09156299629386988 417
1760883346586 0.09226098958888554 418
1760883346741 0.09399285256759249 419
1760883346888 0.09162775208067551 420
1760883347037 0.09289275094945491 421
1760883347240 0.09250152316346408 422
1760883347395 0.0929403583347784 423
1760883391764 0.09180595876063802 424
1760883392056 0.09245742550143168 425
1760883392208 0.08930415581956633 426
1760883392364 0.08946043256759117 427
1760883392512 0.09108181185425596 428
1760883392660 0.0909251005854867 429
1760883392807 0.09172178804038458 430
1760883392957 0.0900306365446171 431
1760883393104 0.08831875590832522 432
1760883393252 0.09006476060002969 433
1760883393401 0.08896258097041293 434
1760883393550 0.09027327260540018 435
1760883393701 0.09129920507487387 436
1760883393893 0.08822047667000937 437
1760883394089 0.08831034712717598 438
1760883394238 0.08933613203233809 439
1760883439127 0.08871308856149317 440
1760883439329 0.08943759257514898 441
1760883439480 0.08736826593579808 442
1760883439670 0.08785564688990297 443
1760883439826 0.08704058697929408 444
1760883439982 0.08701504057747937 445
1760883440177 0.08917804377213374 446
1760883440329 0.08642186173814181 447
1760883440476 0.0873417914353422 448
1760883440628 0.08566769991539522 449
1760883440782 0.08599720096897784 450
1760883440935 0.08570261690584116 451
1760883441086 0.08590458920158042 452
1760883441234 0.087250017155025 453
1760883441384 0.08640583622140544 454
1760883441532 0.0855307307217219 455
1760883486914 0.08424169804791358 456
1760883487075 0.08353942771873381 457
1760883487224 0.08540441311884722 458
1760883487375 0.0851252798482061 459
1760883487522 0.08471532460066172 460
1760883487677 0.08526693330286252 461
1760883487824 0.08374679091229777 462
1760883487971 0.08487853404099821 463
1760883488167 0.08476590566426331 464
1760883488360 0.08236725899125516 465
1760883488511 0.08252251744433858 466
1760883488660 0.0825448759095872 467
1760883488810 0.08241948718105739 468
1760883488965 0.0851558728518812 469
1760883489112 0.08190127202493047 470
1760883489259 0.08302158920617156 471
1760883533120 0.08210743914676144 472
1760883533275 0.08220365002741131 473
1760883533431 0.08337880909627107 474
1760883533634 0.08272423672124354 475
1760883533783 0.08031680633693603 476
1760883533931 0.08210628020692115 477
1760883534086 0.08258258971650696 478
1760883534242 0.0806604513248491 479
1760883534438 0.08156384211951132 480
1760883534630 0.08204498151517764 481
1760883534780 0.08203905584401197 482
1760883534930 0.08101192688156056 483
1760883535127 0.0821648372396589 484
1760883535275 0.08048542459523084 485
1760883535426 0.08368542566124994 486
1760883535573 0.07873492805856762 487
1760883578561 0.08299857621081172 488
1760883578762 0.08033063401419979 489
1760883578955 0.07928083080226847 490
1760883579151 0.0806723358172931 491
1760883579301 0.08045735719103625 492
1760883579453 0.08137603317346268 493
1760883579612 0.07847165056004 494
1760883579764 0.0812994705101176 495
1760883579924 0.07977187104893417 496
1760883580077 0.07923137299765645 497
1760883580225 0.078531255801904 498
1760883580375 0.07940350958637163 499
1760883580524 0.07855427776461565 500
1760883580722 0.08208816888364023 501
1760883580870 0.08026225735099303 502
1760883581018 0.07995100971912648 503
1760883628893 0.07873227641044621 504
1760883629131 0.08008476118195261 505
1760883629373 0.07754015938824685 506
1760883629527 0.07757067639995607 507
1760883629686 0.07855633260933059 508
1760883629834 0.07638171009522432 509
1760883629986 0.07810013839127902 510
1760883630144 0.07848392147833799 511
1760883630299 0.07890407998974741 512
1760883630447 0.07889119301889254 513
1760883630597 0.07952416581223973 514
1760883630747 0.07791123022435524 515
1760883630895 0.07712555071370496 516
1760883631044 0.07761516209321473 517
1760883631193 0.0777760032490479 518
1760883631348 0.07713074788957316 519
1760883675919 0.07896474153224847 520
1760883676307 0.07603157146216397 521
1760883676499 0.07710244473735532 522
1760883676647 0.07685374332638242 523
1760883676797 0.07712200990980644 524
1760883676944 0.07483999533900071 525
1760883677093 0.07682671069609714 526
1760883677288 0.07609838491720128 527
1760883677478 0.07684806706744571 528
1760883677666 0.07591596811810775 529
1760883677858 0.07580294327807918 530
1760883678008 0.07526353955206504 531
1760883678161 0.07468603226689896 532
1760883678310 0.07485751011234804 533
1760883678459 0.07575395754278155 534
1760883678611 0.07790106121976606 535
1760883724544 0.07658618382070967 536
1760883725100 0.07486088753648726 537
1760883725246 0.07308943024393286 538
1760883725395 0.07431937652568059 539
1760883725545 0.07437628245629072 540
1760883725693 0.07420647481423306 541
1760883725841 0.07429786981738554 542
1760883726000 0.0742310128566032 543
1760883726194 0.07379443213036271 544
1760883726343 0.07515494863023282 545
1760883726492 0.07369573060851513 546
1760883726639 0.07492147225431858 547
1760883726787 0.07273775878154265 548
1760883726934 0.07327911814533938 549
1760883727083 0.07447662850110741 550
1760883727234 0.07393855887331509 551
1760883765666 0.07439769117858708 552
1760883766011 0.07549747455654834 553
1760883766312 0.07343462378182727 554
1760883766459 0.07338604132329171 555
1760883766606 0.07230295796350027 556
1760883766752 0.07360037425840481 557
1760883766897 0.07355701495353281 558
1760883767042 0.07339866016831526 559
1760883767188 0.07318123620395459 560
1760883767335 0.07356151276245604 561
1760883767481 0.07287782701815561 562
1760883767498 0.06654951599249226 563
