1760450672561 0.0 0
1760450672740 0.0 1
1760450672910 0.0 2
1760450673085 0.0 3
1760450673235 0.0 4
1760450673373 0.0 5
1760450673508 0.0 6
1760450673647 0.0 7
1760450673781 0.0 8
1760450673936 0.0 9
1760450674084 0.0 10
1760450674214 0.0 11
1760450674358 0.0 12
1760450674483 0.0 13
1760450674619 0.0 14
1760450674744 0.0 15
1760450703099 0.0 16
1760450703238 0.0 17
1760450703440 0.0 18
1760450703764 0.0 19
1760450703895 0.0 20
1760450704021 0.0 21
1760450704151 0.0 22
1760450704233 0.0 23
1760450753276 0.0 23
