1760450672561 1.0573731469943897 0
1760450672740 1.0335244935090941 1
1760450672910 1.0127276639038567 2
1760450673085 0.9957880714282468 3
1760450673235 0.9802137072690049 4
1760450673373 0.9674603445473432 5
1760450673508 0.9550974261063282 6
1760450673647 0.944560254601943 7
1760450673781 0.93356198437864 8
1760450673936 0.9222724658490842 9
1760450674084 0.9137684267737081 10
1760450674214 0.9037090159173019 11
1760450674358 0.8946868409100904 12
1760450674483 0.885605058897613 13
1760450674619 0.876094166788846 14
1760450674744 0.8663606673890537 15
1760450703099 0.8584713017076996 16
1760450703238 0.849349482062443 17
1760450703440 0.8408540233343859 18
1760450703764 0.8322112740286811 19
1760450703895 0.8240209586279743 20
1760450704021 0.8158336144326412 21
1760450704151 0.8081942132559102 22
1760450704233 0.7976446746782933 23
