1761259379330 0.0 0
1761259383098 0.0 1
1761259386213 0.0 2
1761259390950 0.0 3
1761259395256 0.0 4
1761259398687 0.0 5
1761259402093 0.0 6
1761259404487 0.0 7
1761259407742 0.0 8
1761259410204 0.0 9
1761259413014 0.0 10
1761259416047 0.0 11
1761259419055 0.0 12
1761259421645 0.0 13
1761259424669 0.0 14
1761259427415 0.0 15
1761259706853 0.0 16
1761259707602 0.0 17
1761259708191 0.0 18
1761259708971 0.0 19
1761259709349 0.0 20
1761259709850 0.0 21
1761259712054 0.0 22
1761259712441 0.0 23
1761259712903 0.0 24
1761259713216 0.0 25
1761259713486 0.0 26
1761259713804 0.0 27
1761259714095 0.0 28
1761259714474 0.0 29
1761259715115 0.0 30
1761259715578 0.0 31
1761260030658 0.0 32
1761260032715 0.0 33
1761260033995 0.0 34
1761260035424 0.0 35
1761260036471 0.0 36
1761260038020 0.0 37
1761260039823 0.0 38
1761260040771 0.0 39
1761260041628 0.0 40
1761260042916 0.0 41
1761260044595 0.0 42
1761260046429 0.0 43
1761260047866 0.0 44
1761260049277 0.0 45
1761260051460 0.0 46
1761260052683 0.0 47
1761260331594 0.0 48
1761260332821 0.0 49
1761260334346 0.0 50
1761260335901 0.0 51
1761260336986 0.0 52
1761260338280 0.0 53
1761260341536 0.0 54
1761260342590 0.0 55
1761260343842 0.0 56
1761260344846 0.0 57
1761260345534 0.0 58
1761260346305 0.0 59
1761260347521 0.0 60
1761260348741 0.0 61
1761260350004 0.0 62
1761260350894 0.0 63
1761260653942 0.0 64
1761260654876 0.0 65
1761260655563 0.0 66
1761260656011 0.0 67
1761260656417 0.0 68
1761260656618 0.0 69
1761260665770 0.0 70
1761260665981 0.0 71
1761260666232 0.0 72
1761260666542 0.0 73
1761260667030 0.0 74
1761260667713 0.0 75
1761260668423 0.0 76
1761260669015 0.0 77
1761260669406 0.0 78
1761260669696 0.0 79
1761260858629 0.0 80
1761260858868 0.0 81
1761260859068 0.0 82
1761260859623 0.0 83
1761260859821 0.0 84
1761260860021 0.0 85
1761260863098 0.0 86
1761260863316 0.0 87
1761260863514 0.0 88
1761260863707 0.0 89
1761260863899 0.0 90
1761260864136 0.0 91
1761260864483 0.0 92
1761260864635 0.0 93
1761261044637 0.0 93
1761261237104 1.0 94
1761261237357 1.0 95
1761261237585 1.0 96
1761261237769 1.0 97
1761261237964 1.0 98
1761261238142 1.0 99
1761261238334 1.0 100
1761261240362 1.0 101
1761261241007 1.0 102
1761261241543 1.0 103
1761261241815 1.0 104
1761261242079 1.0 105
1761261242359 1.0 106
1761261242540 1.0 107
1761261242749 1.0 108
1761261242954 1.0 109
1761261414472 1.0 110
1761261414691 1.0 111
1761261414858 1.0 112
1761261415398 1.0 113
1761261415561 1.0 114
1761261415725 1.0 115
1761261415901 1.0 116
1761261416433 1.0 117
1761261416602 1.0 118
1761261416783 1.0 119
1761261417017 1.0 120
1761261417301 1.0 121
1761261417560 1.0 122
1761261417926 1.0 123
1761261418122 1.0 124
1761261418319 1.0 125
1761261590332 1.0 126
1761261590698 1.0 127
1761261590933 1.0 128
1761261591159 1.0 129
1761261591402 1.0 130
1761261591577 1.0 131
1761261591748 1.0 132
1761261591929 1.0 133
1761261592118 1.0 134
1761261592278 1.0 135
1761261592444 1.0 136
1761261592608 1.0 137
1761261592767 1.0 138
1761261593219 1.0 139
1761261593700 1.0 140
1761261594187 1.0 141
1761261752450 1.0 142
1761261752660 1.0 143
1761261752822 1.0 144
1761261752996 1.0 145
1761261753165 1.0 146
1761261753336 1.0 147
1761261753489 1.0 148
1761261753654 1.0 149
1761261753832 1.0 150
1761261753997 1.0 151
1761261754166 1.0 152
1761261754346 1.0 153
1761261754507 1.0 154
1761261754710 1.0 155
1761261754866 1.0 156
1761261755050 1.0 157
1761261898357 1.0 158
1761261898560 1.0 159
1761261898737 1.0 160
1761261898892 1.0 161
1761261899061 1.0 162
1761261899258 1.0 163
1761261899490 1.0 164
1761261899778 1.0 165
1761261900172 1.0 166
1761261900323 1.0 167
1761261900479 1.0 168
1761261900635 1.0 169
1761261900788 1.0 170
1761261900944 1.0 171
1761261901103 1.0 172
1761261901249 1.0 173
1761262035177 1.0 174
1761262035373 1.0 175
1761262035525 1.0 176
1761262035672 1.0 177
1761262035820 1.0 178
1761262035980 1.0 179
1761262036128 1.0 180
1761262036285 1.0 181
1761262036439 1.0 182
1761262036604 1.0 183
1761262036751 1.0 184
1761262036911 1.0 185
1761262037073 1.0 186
1761262037167 1.0 187
1761262152335 1.0 187
1761262281524 2.0 188
1761262282701 2.0 189
1761262282987 2.0 190
1761262283137 2.0 191
1761262283295 2.0 192
1761262283439 2.0 193
1761262283578 2.0 194
1761262283736 2.0 195
1761262283881 2.0 196
1761262284024 2.0 197
1761262284189 2.0 198
1761262284324 2.0 199
1761262284468 2.0 200
1761262284615 2.0 201
1761262284769 2.0 202
1761262284916 2.0 203
1761262400568 2.0 204
1761262402609 2.0 205
1761262402768 2.0 206
1761262402907 2.0 207
1761262403053 2.0 208
1761262403195 2.0 209
1761262403338 2.0 210
1761262403498 2.0 211
1761262403640 2.0 212
1761262403856 2.0 213
1761262404067 2.0 214
1761262404223 2.0 215
1761262404377 2.0 216
1761262404572 2.0 217
1761262404714 2.0 218
1761262404856 2.0 219
1761262525669 2.0 220
1761262527174 2.0 221
1761262527336 2.0 222
1761262527478 2.0 223
1761262527624 2.0 224
1761262527802 2.0 225
1761262527956 2.0 226
1761262528103 2.0 227
1761262528254 2.0 228
1761262528403 2.0 229
1761262528543 2.0 230
1761262528687 2.0 231
1761262528825 2.0 232
1761262528959 2.0 233
1761262529093 2.0 234
1761262529238 2.0 235
1761262636402 2.0 236
1761262636823 2.0 237
1761262636976 2.0 238
1761262637158 2.0 239
1761262637293 2.0 240
1761262637432 2.0 241
1761262637697 2.0 242
1761262637852 2.0 243
1761262638000 2.0 244
1761262638198 2.0 245
1761262638417 2.0 246
1761262638563 2.0 247
1761262638713 2.0 248
1761262638869 2.0 249
1761262639015 2.0 250
1761262639165 2.0 251
1761262740007 2.0 252
1761262740308 2.0 253
1761262740446 2.0 254
1761262740602 2.0 255
1761262740737 2.0 256
1761262740887 2.0 257
1761262741023 2.0 258
1761262741156 2.0 259
1761262741332 2.0 260
1761262741480 2.0 261
1761262741630 2.0 262
1761262741778 2.0 263
1761262741921 2.0 264
1761262742075 2.0 265
1761262742207 2.0 266
1761262742338 2.0 267
1761262832588 2.0 268
1761262833208 2.0 269
1761262833341 2.0 270
1761262833489 2.0 271
1761262833627 2.0 272
1761262833770 2.0 273
1761262833914 2.0 274
1761262834059 2.0 275
1761262834208 2.0 276
1761262834343 2.0 277
1761262834470 2.0 278
1761262834612 2.0 279
1761262834738 2.0 280
1761262834835 2.0 281
1761262918488 2.0 281
1761263015516 3.0 282
1761263015733 3.0 283
1761263015890 3.0 284
1761263016037 3.0 285
1761263016183 3.0 286
1761263016354 3.0 287
1761263016492 3.0 288
1761263016633 3.0 289
1761263016775 3.0 290
1761263016961 3.0 291
1761263017133 3.0 292
1761263017280 3.0 293
1761263017426 3.0 294
1761263017577 3.0 295
1761263017761 3.0 296
1761263017905 3.0 297
1761263114629 3.0 298
1761263114857 3.0 299
1761263115170 3.0 300
1761263115332 3.0 301
1761263115521 3.0 302
1761263115664 3.0 303
1761263115830 3.0 304
1761263116068 3.0 305
1761263116211 3.0 306
1761263116357 3.0 307
1761263116493 3.0 308
1761263116640 3.0 309
1761263116785 3.0 310
1761263116986 3.0 311
1761263117131 3.0 312
1761263117276 3.0 313
1761263207781 3.0 314
1761263208202 3.0 315
1761263208570 3.0 316
1761263208707 3.0 317
1761263208873 3.0 318
1761263209018 3.0 319
1761263209164 3.0 320
1761263209303 3.0 321
1761263209470 3.0 322
1761263209612 3.0 323
1761263209811 3.0 324
1761263209952 3.0 325
1761263210105 3.0 326
1761263210244 3.0 327
1761263210382 3.0 328
1761263210528 3.0 329
1761263306502 3.0 330
1761263306689 3.0 331
1761263308033 3.0 332
1761263308191 3.0 333
1761263308620 3.0 334
1761263308768 3.0 335
1761263308907 3.0 336
1761263309046 3.0 337
1761263309198 3.0 338
1761263309411 3.0 339
1761263309558 3.0 340
1761263309713 3.0 341
1761263309914 3.0 342
1761263310059 3.0 343
1761263310208 3.0 344
1761263310354 3.0 345
1761263422679 3.0 346
1761263422926 3.0 347
1761263423634 3.0 348
1761263423782 3.0 349
1761263424413 3.0 350
1761263424575 3.0 351
1761263424708 3.0 352
1761263424871 3.0 353
1761263425016 3.0 354
1761263425158 3.0 355
1761263425311 3.0 356
1761263425461 3.0 357
1761263425611 3.0 358
1761263425748 3.0 359
1761263425885 3.0 360
1761263426022 3.0 361
1761263510184 3.0 362
1761263510465 3.0 363
1761263511264 3.0 364
1761263511397 3.0 365
1761263511524 3.0 366
1761263511668 3.0 367
1761263511800 3.0 368
1761263511945 3.0 369
1761263512078 3.0 370
1761263512210 3.0 371
1761263512344 3.0 372
1761263512474 3.0 373
1761263512606 3.0 374
1761263512685 3.0 375
1761263583357 3.0 375
1761263673458 4.0 376
1761263673842 4.0 377
1761263673974 4.0 378
1761263674182 4.0 379
1761263674330 4.0 380
1761263674481 4.0 381
1761263674614 4.0 382
1761263674809 4.0 383
1761263674944 4.0 384
1761263675125 4.0 385
1761263675271 4.0 386
1761263675420 4.0 387
1761263675561 4.0 388
1761263675697 4.0 389
1761263675911 4.0 390
1761263676053 4.0 391
1761263758670 4.0 392
1761263758827 4.0 393
1761263758981 4.0 394
1761263759582 4.0 395
1761263759731 4.0 396
1761263759876 4.0 397
1761263760022 4.0 398
1761263760179 4.0 399
1761263760330 4.0 400
1761263760477 4.0 401
1761263760639 4.0 402
1761263760794 4.0 403
1761263760947 4.0 404
1761263761103 4.0 405
1761263761237 4.0 406
1761263761427 4.0 407
1761263858923 4.0 408
1761263859190 4.0 409
1761263859397 4.0 410
1761263860037 4.0 411
1761263860193 4.0 412
1761263860332 4.0 413
1761263860503 4.0 414
1761263860642 4.0 415
1761263860802 4.0 416
1761263860944 4.0 417
1761263861102 4.0 418
1761263861241 4.0 419
1761263861383 4.0 420
1761263861551 4.0 421
1761263861704 4.0 422
1761263861841 4.0 423
1761263956474 4.0 424
1761263956798 4.0 425
1761263956961 4.0 426
1761263957235 4.0 427
1761263957689 4.0 428
1761263957854 4.0 429
1761263957996 4.0 430
1761263958138 4.0 431
1761263958301 4.0 432
1761263958498 4.0 433
1761263958634 4.0 434
1761263958763 4.0 435
1761263958916 4.0 436
1761263959057 4.0 437
1761263959202 4.0 438
1761263959351 4.0 439
1761264054691 4.0 440
1761264055084 4.0 441
1761264055225 4.0 442
1761264055359 4.0 443
1761264055564 4.0 444
1761264055750 4.0 445
1761264055885 4.0 446
1761264056025 4.0 447
1761264056168 4.0 448
1761264056301 4.0 449
1761264056429 4.0 450
1761264056572 4.0 451
1761264056705 4.0 452
1761264056855 4.0 453
1761264056985 4.0 454
1761264057157 4.0 455
1761264156351 4.0 456
1761264156501 4.0 457
1761264156634 4.0 458
1761264156761 4.0 459
1761264156893 4.0 460
1761264157022 4.0 461
1761264157153 4.0 462
1761264157283 4.0 463
1761264157426 4.0 464
1761264157554 4.0 465
1761264157685 4.0 466
1761264157814 4.0 467
1761264157940 4.0 468
1761264158026 4.0 469
1761264238374 4.0 469
