1761259379330 0.9676419070712425 0
1761259383098 0.9418867926275698 1
1761259386213 0.9249412058148759 2
1761259390950 0.9114432267583921 3
1761259395256 0.8995493909045396 4
1761259398687 0.8880786834309491 5
1761259402093 0.8760749766645325 6
1761259404487 0.8656312261629538 7
1761259407742 0.855826123150299 8
1761259410204 0.8456537068899916 9
1761259413014 0.8376262742350443 10
1761259416047 0.8282694584158972 11
1761259419055 0.8199091583072955 12
1761259421645 0.812714433757938 13
1761259424669 0.8054061094334553 14
1761259427415 0.7975190840703292 15
1761259706853 0.7896077532462314 16
1761259707602 0.7827514673594848 17
1761259708191 0.7753425292618488 18
1761259708971 0.7685232472517733 19
1761259709349 0.7619465183462787 20
1761259709850 0.7534905285087745 21
1761259712054 0.7481901318629705 22
1761259712441 0.7411399784269912 23
1761259712903 0.734195894964859 24
1761259713216 0.7284149203801957 25
1761259713486 0.721909346381134 26
1761259713804 0.7153170663147423 27
1761259714095 0.7102228765450406 28
1761259714474 0.7034430370448044 29
1761259715115 0.6969371464094243 30
1761259715578 0.6921773221021867 31
1761260030658 0.6858605545443127 32
1761260032715 0.6801632449237404 33
1761260033995 0.6739925839551337 34
1761260035424 0.6692648260531233 35
1761260036471 0.6633367288941101 36
1761260038020 0.6591481128550091 37
1761260039823 0.6516663046287182 38
1761260040771 0.6483773333280842 39
1761260041628 0.6421386988926998 40
1761260042916 0.6368084240640135 41
1761260044595 0.6315352114049768 42
1761260046429 0.6265287042430161 43
1761260047866 0.6209553265941528 44
1761260049277 0.6155834584301383 45
1761260051460 0.6104792826782429 46
1761260052683 0.6057094306475784 47
1761260331594 0.6011166580611991 48
1761260332821 0.5965812693572706 49
1761260334346 0.591149586146603 50
1761260335901 0.586887674963849 51
1761260336986 0.5789637776605971 52
1761260338280 0.575770813410837 53
1761260341536 0.5724374522404088 54
1761260342590 0.5657107069867169 55
1761260343842 0.5629365737827603 56
1761260344846 0.5571537447972139 57
1761260345534 0.5524364454661055 58
1761260346305 0.549039774861621 59
1761260347521 0.5428018635246452 60
1761260348741 0.5382826667075171 61
1761260350004 0.5350017861755663 62
1761260350894 0.5287750654943713 63
1761260653942 0.5255328651423898 64
1761260654876 0.5203421293938473 65
1761260655563 0.517789659529648 66
1761260656011 0.5113872530782153 67
1761260656417 0.5074193657289314 68
1761260656618 0.5043285795823071 69
1761260665770 0.4997921709650142 70
1761260665981 0.49738026225736126 71
1761260666232 0.4916903671842614 72
1761260666542 0.48895943302081735 73
1761260667030 0.4845339827263235 74
1761260667713 0.4780899909832107 75
1761260668423 0.47534424511413076 76
1761260669015 0.4716782147829517 77
1761260669406 0.46894351291859593 78
1761260669696 0.4633834444674222 79
1761260858629 0.4600154149800094 80
1761260858868 0.4565823223304078 81
1761260859068 0.45293344663545065 82
1761260859623 0.4495336535857734 83
1761260859821 0.44637269374424693 84
1761260860021 0.44336530175337474 85
1761260863098 0.44002800549822707 86
1761260863316 0.43476318863581687 87
1761260863514 0.43175878732469053 88
1761260863707 0.42918452997145556 89
1761260863899 0.42507923483364646 90
1761260864136 0.4224243754997094 91
1761260864483 0.4193474526330495 92
1761260864635 0.4166632043134382 93
1761261237104 0.4125665165721919 94
1761261237357 0.4095744294632744 95
1761261237585 0.4071789705766551 96
1761261237769 0.40354685371697396 97
1761261237964 0.40040327299441136 98
1761261238142 0.39779139510301487 99
1761261238334 0.39628741056660466 100
1761261240362 0.3907966516205207 101
1761261241007 0.38896577256888104 102
1761261241543 0.3849764155704703 103
1761261241815 0.38444427891655536 104
1761261242079 0.3796957430878589 105
1761261242359 0.37840213815157087 106
1761261242540 0.37501624619859397 107
1761261242749 0.371849577792731 108
1761261242954 0.36987077776495425 109
1761261414472 0.3660569530474936 110
1761261414691 0.36396986342993987 111
1761261414858 0.36048854438731726 112
1761261415398 0.3558060501732234 113
1761261415561 0.3541218344282632 114
1761261415725 0.35151901432711813 115
1761261415901 0.3508124644999968 116
1761261416433 0.34873914354529634 117
1761261416602 0.34583320347887947 118
1761261416783 0.343595402535475 119
1761261417017 0.34219997498082116 120
1761261417301 0.33656789963854294 121
1761261417560 0.3340490986049893 122
1761261417926 0.3330447392177185 123
1761261418122 0.3307180775646217 124
1761261418319 0.33041756643560977 125
1761261590332 0.32536687668577774 126
1761261590698 0.32433533254251634 127
1761261590933 0.3218704075563128 128
1761261591159 0.32039052819696695 129
1761261591402 0.3165866135162593 130
1761261591577 0.31493818814658336 131
1761261591748 0.3124438416122193 132
1761261591929 0.3099534235180501 133
1761261592118 0.3091543225304586 134
1761261592278 0.3073365466618261 135
1761261592444 0.3037667001635067 136
1761261592608 0.3030829572484892 137
1761261592767 0.30160254153639543 138
1761261593219 0.29869860680429705 139
1761261593700 0.29667448193529145 140
1761261594187 0.29292747611085956 141
1761261752450 0.29114874271876845 142
1761261752660 0.2896155808487821 143
1761261752822 0.2907899441591569 144
1761261752996 0.28563579459232824 145
1761261753165 0.2832690383715667 146
1761261753336 0.2832939533914294 147
1761261753489 0.28070287120180815 148
1761261753654 0.27840334620385737 149
1761261753832 0.2769525809883753 150
1761261753997 0.27627012242592963 151
1761261754166 0.2731624649004255 152
1761261754346 0.2702469327313733 153
1761261754507 0.26965762352399825 154
1761261754710 0.26923872441837815 155
1761261754866 0.26954990312396515 156
1761261755050 0.2653839422207618 157
1761261898357 0.2650478018207122 158
1761261898560 0.26158724116992416 159
1761261898737 0.2610557654713601 160
1761261898892 0.2596710964971302 161
1761261899061 0.2579357615273752 162
1761261899258 0.2575114009971031 163
1761261899490 0.25509580414038013 164
1761261899778 0.253546852815399 165
1761261900172 0.25283430818172536 166
1761261900323 0.2502614518385551 167
1761261900479 0.2505524279029782 168
1761261900635 0.24755766901067372 169
1761261900788 0.24365882335259847 170
1761261900944 0.2425476836684437 171
1761261901103 0.24307400790404607 172
1761261901249 0.2403015363011748 173
1761262035177 0.24003154017299005 174
1761262035373 0.2393693007456926 175
1761262035525 0.23778992842302127 176
1761262035672 0.2361590461733706 177
1761262035820 0.23538734575762105 178
1761262035980 0.2340794223617776 179
1761262036128 0.23091818043528212 180
1761262036285 0.22879585328369442 181
1761262036439 0.2294739289569407 182
1761262036604 0.23151012967774376 183
1761262036751 0.2279392913392339 184
1761262036911 0.22521337690429263 185
1761262037073 0.22383308912245206 186
1761262037167 0.22471795570729455 187
1761262281524 0.22140246388619889 188
1761262282701 0.22145343596817235 189
1761262282987 0.21971427088149995 190
1761262283137 0.21888584810975276 191
1761262283295 0.2157771328386382 192
1761262283439 0.21438340783514795 193
1761262283578 0.21578975986023885 194
1761262283736 0.2144512141144674 195
1761262283881 0.21452782736894396 196
1761262284024 0.21464211293802646 197
1761262284189 0.21336276832253048 198
1761262284324 0.21136498814769333 199
1761262284468 0.20897310910546005 200
1761262284615 0.20754934160071653 201
1761262284769 0.20932442076467528 202
1761262284916 0.20747284313671138 203
1761262400568 0.2053167930729345 204
1761262402609 0.20353043745613061 205
1761262402768 0.20117173870881783 206
1761262402907 0.20165270300140398 207
1761262403053 0.2025246505730883 208
1761262403195 0.20152206107805493 209
1761262403338 0.1979152275259773 210
1761262403498 0.19808357434073376 211
1761262403640 0.19843916546362728 212
1761262403856 0.1979160230234948 213
1761262404067 0.19641408569651003 214
1761262404223 0.1965965072861392 215
1761262404377 0.1954924935155255 216
1761262404572 0.19499053257365057 217
1761262404714 0.19382204328937053 218
1761262404856 0.1935805640034976 219
1761262525669 0.19175508157343235 220
1761262527174 0.19103278562588397 221
1761262527336 0.1897579233927718 222
1761262527478 0.19046038958569517 223
1761262527624 0.189587344515322 224
1761262527802 0.18880765666447052 225
1761262527956 0.1883599079751913 226
1761262528103 0.18712231080830627 227
1761262528254 0.1856152836919483 228
1761262528403 0.18459568179066724 229
1761262528543 0.18375068810597728 230
1761262528687 0.184548794134626 231
1761262528825 0.18133594199799247 232
1761262528959 0.18069698559292574 233
1761262529093 0.1822446321846681 234
1761262529238 0.1789538713010761 235
1761262636402 0.1769094963213831 236
1761262636823 0.17878684336094935 237
1761262636976 0.17544639430497194 238
1761262637158 0.17519259700039996 239
1761262637293 0.17355888465552816 240
1761262637432 0.1734854073303252 241
1761262637697 0.17425954736167049 242
1761262637852 0.17532025822403868 243
1761262638000 0.17356233759944278 244
1761262638198 0.17133451641143055 245
1761262638417 0.1716209235876442 246
1761262638563 0.17170428487068867 247
1761262638713 0.1685602395023965 248
1761262638869 0.16954546641562368 249
1761262639015 0.16984217657637757 250
1761262639165 0.16770500792020585 251
1761262740007 0.17150569406010924 252
1761262740308 0.17017788293716762 253
1761262740446 0.16839663500849442 254
1761262740602 0.16780623517278534 255
1761262740737 0.16620390776893615 256
1761262740887 0.16449322482237017 257
1761262741023 0.16604827668668587 258
1761262741156 0.16507833514793896 259
1761262741332 0.16622189578525157 260
1761262741480 0.1612890422017873 261
1761262741630 0.16080474493228497 262
1761262741778 0.16002727185763227 263
1761262741921 0.16241521100258838 264
1761262742075 0.1615007350267638 265
1761262742207 0.158290998568656 266
1761262742338 0.16072651819745032 267
1761262832588 0.15818646885949023 268
1761262833208 0.15600065613073655 269
1761262833341 0.1586368096502116 270
1761262833489 0.15501068615914693 271
1761262833627 0.15510873767842615 272
1761262833770 0.15722606432464714 273
1761262833914 0.1523232950393931 274
1761262834059 0.15556977281190132 275
1761262834208 0.15806238286917715 276
1761262834343 0.1517761859337476 277
1761262834470 0.15333650498028012 278
1761262834612 0.15183148972888838 279
1761262834738 0.15333311035561664 280
1761262834835 0.1535245317554602 281
1761263015516 0.15183736898910444 282
1761263015733 0.15113677145415333 283
1761263015890 0.1504673539449967 284
1761263016037 0.14984931252817665 285
1761263016183 0.1472360991514812 286
1761263016354 0.14775932619391527 287
1761263016492 0.14990642541427562 288
1761263016633 0.14603073495999305 289
1761263016775 0.1457202196324459 290
1761263016961 0.1479026459796085 291
1761263017133 0.1477938038672188 292
1761263017280 0.14521328806378253 293
1761263017426 0.14562876191167962 294
1761263017577 0.14283951159346425 295
1761263017761 0.14353556557534003 296
1761263017905 0.14416906626226392 297
1761263114629 0.14261756252724994 298
1761263114857 0.14223300203563777 299
1761263115170 0.13945163256531465 300
1761263115332 0.14051807430942262 301
1761263115521 0.13929613362689738 302
1761263115664 0.13757630145195227 303
1761263115830 0.13606556467752612 304
1761263116068 0.1385317981931553 305
1761263116211 0.13924575883079088 306
1761263116357 0.13878639141315266 307
1761263116493 0.13656018720709756 308
1761263116640 0.13848916054008023 309
1761263116785 0.13692142748111358 310
1761263116986 0.1346553085989956 311
1761263117131 0.13625615353972287 312
1761263117276 0.1348677127407278 313
1761263207781 0.1347750880620897 314
1761263208202 0.13460989123896455 315
1761263208570 0.1327939197128234 316
1761263208707 0.13257078492355862 317
1761263208873 0.13176824176829668 318
1761263209018 0.130562534289762 319
1761263209164 0.13033739151280793 320
1761263209303 0.12927996549239223 321
1761263209470 0.1300271579966054 322
1761263209612 0.12954900514661308 323
1761263209811 0.12991879537634182 324
1761263209952 0.13049021089571838 325
1761263210105 0.12955560940776942 326
1761263210244 0.1297505093387095 327
1761263210382 0.12805733011297477 328
1761263210528 0.12607615734902314 329
1761263306502 0.125639309332927 330
1761263306689 0.1255645874221965 331
1761263308033 0.12667193754862938 332
1761263308191 0.12634160633123104 333
1761263308620 0.1265037255641536 334
1761263308768 0.12742298996314202 335
1761263308907 0.12605826110072837 336
1761263309046 0.12530970916800072 337
1761263309198 0.12401057697174567 338
1761263309411 0.12656014182489522 339
1761263309558 0.1241853041441106 340
1761263309713 0.12264202366881186 341
1761263309914 0.12473750127580091 342
1761263310059 0.12108372987560043 343
1761263310208 0.12563512499616153 344
1761263310354 0.12233431992700503 345
1761263422679 0.12131509936393134 346
1761263422926 0.12114337175045115 347
1761263423634 0.12328301078904139 348
1761263423782 0.12088074064021062 349
1761263424413 0.12227592788612818 350
1761263424575 0.12190911528239276 351
1761263424708 0.11945760094812474 352
1761263424871 0.12134145247767214 353
1761263425016 0.11869812464162127 354
1761263425158 0.12161409796398343 355
1761263425311 0.11944275893028522 356
1761263425461 0.11950781505883129 357
1761263425611 0.12114809796265134 358
1761263425748 0.11833407346246913 359
1761263425885 0.12099657585530163 360
1761263426022 0.11663249885650732 361
1761263510184 0.11833208756141186 362
1761263510465 0.11644127907127365 363
1761263511264 0.11875240197194833 364
1761263511397 0.11670631341363524 365
1761263511524 0.11648362766731382 366
1761263511668 0.1198243483040411 367
1761263511800 0.11609449396452587 368
1761263511945 0.11723367092594622 369
1761263512078 0.11699521432312056 370
1761263512210 0.11585626831480125 371
1761263512344 0.1171566023311183 372
1761263512474 0.11374551262297004 373
1761263512606 0.1171631391510827 374
1761263512685 0.11826355511711628 375
1761263673458 0.11583700210549426 376
1761263673842 0.11341524952746455 377
1761263673974 0.1149786685222712 378
1761263674182 0.11567708388639591 379
1761263674330 0.11634027943381461 380
1761263674481 0.11510303062282928 381
1761263674614 0.11568649735636043 382
1761263674809 0.11226656411525932 383
1761263674944 0.11360130135784559 384
1761263675125 0.11276697308094036 385
1761263675271 0.1101571368015473 386
1761263675420 0.11143818041721854 387
1761263675561 0.11438983548327243 388
1761263675697 0.10980615816369114 389
1761263675911 0.11259479895936733 390
1761263676053 0.11125427598956726 391
1761263758670 0.11110114902151311 392
1761263758827 0.11076705710912665 393
1761263758981 0.11243832634285335 394
1761263759582 0.11381080023990803 395
1761263759731 0.11012099414864654 396
1761263759876 0.10654784942526806 397
1761263760022 0.10812260525098061 398
1761263760179 0.10967492911137251 399
1761263760330 0.10830758134272471 400
1761263760477 0.10658787445141471 401
1761263760639 0.10678256385150975 402
1761263760794 0.10868795226932347 403
1761263760947 0.1096690124751572 404
1761263761103 0.11057537425055378 405
1761263761237 0.10821243011320125 406
1761263761427 0.11043413499584549 407
1761263858923 0.10804732994829261 408
1761263859190 0.1070192814928456 409
1761263859397 0.10663311085664778 410
1761263860037 0.10960723668658415 411
1761263860193 0.10683614641558672 412
1761263860332 0.1078673735804557 413
1761263860503 0.10629437349590933 414
1761263860642 0.10730809264304618 415
1761263860802 0.10708093652688182 416
1761263860944 0.10578132852354546 417
1761263861102 0.10548425416262794 418
1761263861241 0.10757429610676152 419
1761263861383 0.10656357213352582 420
1761263861551 0.10417796620958274 421
1761263861704 0.10446352674444531 422
1761263861841 0.10465658033683843 423
1761263956474 0.10872567166516352 424
1761263956798 0.10340349841871588 425
1761263956961 0.1035419518810883 426
1761263957235 0.10645020503571051 427
1761263957689 0.10438097615109906 428
1761263957854 0.10325222181765947 429
1761263957996 0.10338204384878424 430
1761263958138 0.10417621981426449 431
1761263958301 0.10382544575275435 432
1761263958498 0.10155028496569178 433
1761263958634 0.10357754033258604 434
1761263958763 0.10284605612122089 435
1761263958916 0.1032091078664791 436
1761263959057 0.10295795299970803 437
1761263959202 0.10335703395679496 438
1761263959351 0.10464787728928016 439
1761264054691 0.10084049662105155 440
1761264055084 0.10390913465556742 441
1761264055225 0.10131523336458635 442
1761264055359 0.10117134782127545 443
1761264055564 0.1033125455779435 444
1761264055750 0.10574281573091765 445
1761264055885 0.1028391887799405 446
1761264056025 0.10079270132192114 447
1761264056168 0.10271092393910541 448
1761264056301 0.09948594342822509 449
1761264056429 0.10337321343372484 450
1761264056572 0.09976302402462207 451
1761264056705 0.10011763574703171 452
1761264056855 0.10278250409209114 453
1761264056985 0.10081463701594648 454
1761264057157 0.10210497753941264 455
1761264156351 0.10175916907898325 456
1761264156501 0.10193030476692887 457
1761264156634 0.10224992644687375 458
1761264156761 0.09848998173499571 459
1761264156893 0.10048951743236254 460
1761264157022 0.1014943002814356 461
1761264157153 0.09951215674029132 462
1761264157283 0.10214887595203075 463
1761264157426 0.10155683397819917 464
1761264157554 0.10159420803515712 465
1761264157685 0.10110117732407567 466
1761264157814 0.10202955279469325 467
1761264157940 0.09995557369286698 468
1761264158026 0.1026613838305503 469
