1760472027830 0.0 0
1760472027966 0.0 1
1760472028092 0.0 2
1760472028217 0.0 3
1760472028342 0.0 4
1760472028466 0.0 5
1760472028589 0.0 6
1760472028767 0.0 7
1760472028890 0.0 8
1760472029069 0.0 9
1760472029216 0.0 10
1760472029340 0.0 11
1760472029463 0.0 12
1760472029590 0.0 13
1760472029712 0.0 14
1760472029837 0.0 15
1760472078301 0.0 16
1760472078437 0.0 17
1760472078568 0.0 18
1760472078737 0.0 19
1760472078869 0.0 20
1760472078999 0.0 21
1760472079125 0.0 22
1760472079247 0.0 23
1760472079382 0.0 24
1760472079514 0.0 25
1760472079647 0.0 26
1760472079781 0.0 27
1760472079908 0.0 28
1760472080038 0.0 29
1760472080168 0.0 30
1760472080366 0.0 31
1760472126592 0.0 32
1760472126727 0.0 33
1760472126854 0.0 34
1760472126992 0.0 35
1760472127174 0.0 36
1760472127300 0.0 37
1760472127424 0.0 38
1760472127549 0.0 39
1760472127686 0.0 40
1760472127825 0.0 41
1760472127960 0.0 42
1760472128099 0.0 43
1760472128228 0.0 44
1760472128350 0.0 45
1760472128473 0.0 46
1760472128598 0.0 47
1760472174197 0.0 48
1760472174335 0.0 49
1760472174465 0.0 50
1760472174617 0.0 51
1760472174757 0.0 52
1760472174937 0.0 53
1760472175061 0.0 54
1760472175187 0.0 55
1760472175318 0.0 56
1760472175448 0.0 57
1760472175574 0.0 58
1760472175711 0.0 59
1760472175843 0.0 60
1760472175972 0.0 61
1760472176095 0.0 62
1760472176238 0.0 63
1760472220759 0.0 64
1760472220892 0.0 65
1760472221062 0.0 66
1760472221189 0.0 67
1760472221329 0.0 68
1760472221456 0.0 69
1760472221580 0.0 70
1760472221707 0.0 71
1760472221835 0.0 72
1760472221960 0.0 73
1760472222108 0.0 74
1760472222246 0.0 75
1760472222374 0.0 76
1760472222507 0.0 77
1760472222631 0.0 78
1760472222759 0.0 79
1760472268306 0.0 80
1760472268440 0.0 81
1760472268569 0.0 82
1760472268696 0.0 83
1760472268829 0.0 84
1760472268961 0.0 85
1760472269085 0.0 86
1760472269212 0.0 87
1760472269349 0.0 88
1760472269474 0.0 89
1760472269649 0.0 90
1760472269786 0.0 91
1760472269914 0.0 92
1760472270043 0.0 93
1760472270172 0.0 94
1760472270296 0.0 95
1760472315435 0.0 96
1760472315565 0.0 97
1760472315735 0.0 98
1760472315876 0.0 99
1760472316018 0.0 100
1760472316148 0.0 101
1760472316280 0.0 102
1760472316407 0.0 103
1760472316543 0.0 104
1760472316701 0.0 105
1760472316830 0.0 106
1760472317013 0.0 107
1760472317142 0.0 108
1760472317274 0.0 109
1760472317404 0.0 110
1760472317530 0.0 111
1760472362181 0.0 112
1760472362315 0.0 113
1760472362440 0.0 114
1760472362571 0.0 115
1760472362706 0.0 116
1760472362830 0.0 117
1760472363015 0.0 118
1760472363150 0.0 119
1760472363281 0.0 120
1760472363410 0.0 121
1760472363538 0.0 122
1760472363668 0.0 123
1760472363802 0.0 124
1760472363955 0.0 125
1760472364155 0.0 126
1760472364283 0.0 127
1760472411214 0.0 128
1760472411350 0.0 129
1760472411524 0.0 130
1760472411691 0.0 131
1760472411899 0.0 132
1760472412027 0.0 133
1760472412159 0.0 134
1760472412296 0.0 135
1760472412427 0.0 136
1760472412553 0.0 137
1760472412680 0.0 138
1760472412813 0.0 139
1760472412939 0.0 140
1760472413080 0.0 141
1760472413206 0.0 142
1760472413333 0.0 143
1760472460128 0.0 144
1760472460262 0.0 145
1760472460390 0.0 146
1760472460518 0.0 147
1760472460654 0.0 148
1760472460780 0.0 149
1760472460932 0.0 150
1760472461058 0.0 151
1760472461190 0.0 152
1760472461320 0.0 153
1760472461453 0.0 154
1760472461587 0.0 155
1760472461758 0.0 156
1760472461892 0.0 157
1760472462015 0.0 158
1760472462143 0.0 159
1760472506200 0.0 160
1760472506336 0.0 161
1760472506491 0.0 162
1760472506621 0.0 163
1760472506755 0.0 164
1760472506882 0.0 165
1760472507015 0.0 166
1760472507146 0.0 167
1760472507285 0.0 168
1760472507456 0.0 169
1760472507582 0.0 170
1760472507718 0.0 171
1760472507843 0.0 172
1760472507976 0.0 173
1760472508106 0.0 174
1760472508230 0.0 175
1760472543715 0.0 176
1760472543849 0.0 177
1760472543973 0.0 178
1760472544100 0.0 179
1760472544235 0.0 180
1760472544366 0.0 181
1760472544490 0.0 182
1760472544615 0.0 183
1760472544744 0.0 184
1760472544872 0.0 185
1760472544997 0.0 186
1760472545077 0.0 187
1760472631627 0.0 187
1760472679991 1.0 188
1760472680337 1.0 189
1760472680463 1.0 190
1760472680615 1.0 191
1760472680742 1.0 192
1760472680956 1.0 193
1760472681089 1.0 194
1760472681217 1.0 195
1760472681384 1.0 196
1760472681507 1.0 197
1760472681676 1.0 198
1760472681859 1.0 199
1760472681995 1.0 200
1760472682134 1.0 201
1760472682267 1.0 202
1760472682391 1.0 203
1760472730032 1.0 204
1760472730421 1.0 205
1760472730557 1.0 206
1760472730690 1.0 207
1760472730836 1.0 208
1760472730965 1.0 209
1760472731089 1.0 210
1760472731221 1.0 211
1760472731349 1.0 212
1760472731473 1.0 213
1760472731641 1.0 214
1760472731771 1.0 215
1760472731935 1.0 216
1760472732070 1.0 217
1760472732216 1.0 218
1760472732351 1.0 219
1760472778528 1.0 220
1760472779839 1.0 221
1760472779964 1.0 222
1760472780092 1.0 223
1760472780264 1.0 224
1760472780404 1.0 225
1760472780535 1.0 226
1760472780680 1.0 227
1760472780807 1.0 228
1760472780931 1.0 229
1760472781068 1.0 230
1760472781193 1.0 231
1760472781330 1.0 232
1760472781463 1.0 233
1760472781589 1.0 234
1760472781714 1.0 235
1760472825258 1.0 236
1760472826314 1.0 237
1760472826437 1.0 238
1760472826560 1.0 239
1760472826683 1.0 240
1760472826811 1.0 241
1760472826934 1.0 242
1760472827061 1.0 243
1760472827193 1.0 244
1760472827323 1.0 245
1760472827462 1.0 246
1760472827588 1.0 247
1760472827714 1.0 248
1760472827852 1.0 249
1760472827991 1.0 250
1760472828121 1.0 251
1760472872136 1.0 252
1760472872842 1.0 253
1760472872966 1.0 254
1760472873098 1.0 255
1760472873226 1.0 256
1760472873549 1.0 257
1760472873676 1.0 258
1760472873818 1.0 259
1760472873943 1.0 260
1760472874069 1.0 261
1760472874205 1.0 262
1760472874335 1.0 263
1760472874470 1.0 264
1760472874600 1.0 265
1760472874731 1.0 266
1760472874898 1.0 267
1760472918886 1.0 268
1760472920003 1.0 269
1760472920132 1.0 270
1760472920336 1.0 271
1760472920462 1.0 272
1760472920586 1.0 273
1760472920711 1.0 274
1760472920834 1.0 275
1760472920963 1.0 276
1760472921086 1.0 277
1760472921225 1.0 278
1760472921349 1.0 279
1760472921491 1.0 280
1760472921625 1.0 281
1760472921800 1.0 282
1760472921947 1.0 283
1760472965818 1.0 284
1760472967050 1.0 285
1760472967245 1.0 286
1760472967368 1.0 287
1760472967497 1.0 288
1760472967629 1.0 289
1760472967758 1.0 290
1760472967882 1.0 291
1760472968011 1.0 292
1760472968181 1.0 293
1760472968321 1.0 294
1760472968455 1.0 295
1760472968592 1.0 296
1760472968725 1.0 297
1760472968859 1.0 298
1760472968986 1.0 299
1760473012149 1.0 300
1760473013492 1.0 301
1760473013618 1.0 302
1760473013747 1.0 303
1760473013870 1.0 304
1760473014035 1.0 305
1760473014171 1.0 306
1760473014295 1.0 307
1760473014420 1.0 308
1760473014545 1.0 309
1760473014682 1.0 310
1760473014811 1.0 311
1760473014952 1.0 312
1760473015099 1.0 313
1760473015231 1.0 314
1760473015367 1.0 315
1760473058605 1.0 316
1760473060247 1.0 317
1760473060370 1.0 318
1760473060632 1.0 319
1760473060768 1.0 320
1760473060902 1.0 321
1760473061027 1.0 322
1760473061156 1.0 323
1760473061286 1.0 324
1760473061409 1.0 325
1760473061594 1.0 326
1760473061723 1.0 327
1760473061856 1.0 328
1760473062003 1.0 329
1760473062132 1.0 330
1760473062260 1.0 331
1760473107086 1.0 332
1760473108338 1.0 333
1760473108478 1.0 334
1760473108648 1.0 335
1760473108771 1.0 336
1760473108897 1.0 337
1760473109022 1.0 338
1760473109148 1.0 339
1760473109276 1.0 340
1760473109400 1.0 341
1760473109547 1.0 342
1760473109676 1.0 343
1760473109805 1.0 344
1760473109942 1.0 345
1760473110083 1.0 346
1760473110215 1.0 347
1760473155030 1.0 348
1760473156041 1.0 349
1760473156169 1.0 350
1760473156393 1.0 351
1760473156520 1.0 352
1760473156653 1.0 353
1760473156792 1.0 354
1760473156919 1.0 355
1760473157045 1.0 356
1760473157170 1.0 357
1760473157306 1.0 358
1760473157434 1.0 359
1760473157572 1.0 360
1760473157728 1.0 361
1760473157862 1.0 362
1760473157986 1.0 363
1760473192931 1.0 364
1760473194224 1.0 365
1760473194357 1.0 366
1760473194861 1.0 367
1760473194987 1.0 368
1760473195115 1.0 369
1760473195244 1.0 370
1760473195368 1.0 371
1760473195493 1.0 372
1760473195616 1.0 373
1760473195749 1.0 374
1760473195768 1.0 375
1760473280353 1.0 375
1760473329681 2.0 376
1760473329833 2.0 377
1760473330309 2.0 378
1760473330439 2.0 379
1760473330663 2.0 380
1760473330797 2.0 381
1760473330929 2.0 382
1760473331065 2.0 383
1760473331197 2.0 384
1760473331330 2.0 385
1760473331459 2.0 386
1760473331595 2.0 387
1760473331731 2.0 388
1760473331861 2.0 389
1760473332029 2.0 390
1760473332173 2.0 391
1760473378273 2.0 392
1760473378551 2.0 393
1760473378796 2.0 394
1760473378921 2.0 395
1760473379177 2.0 396
1760473379303 2.0 397
1760473379428 2.0 398
1760473379570 2.0 399
1760473379697 2.0 400
1760473379830 2.0 401
1760473380011 2.0 402
1760473380148 2.0 403
1760473380272 2.0 404
1760473380399 2.0 405
1760473380538 2.0 406
1760473380675 2.0 407
1760473425306 2.0 408
1760473425437 2.0 409
1760473425569 2.0 410
1760473425706 2.0 411
1760473426234 2.0 412
1760473426362 2.0 413
1760473426501 2.0 414
1760473426639 2.0 415
1760473426805 2.0 416
1760473426934 2.0 417
1760473427066 2.0 418
1760473427202 2.0 419
1760473427373 2.0 420
1760473427498 2.0 421
1760473427624 2.0 422
1760473427752 2.0 423
1760473473291 2.0 424
1760473473499 2.0 425
1760473473624 2.0 426
1760473473750 2.0 427
1760473474779 2.0 428
1760473474903 2.0 429
1760473475035 2.0 430
1760473475181 2.0 431
1760473475353 2.0 432
1760473475478 2.0 433
1760473475653 2.0 434
1760473475788 2.0 435
1760473475918 2.0 436
1760473476043 2.0 437
1760473476166 2.0 438
1760473476294 2.0 439
1760473522073 2.0 440
1760473522206 2.0 441
1760473522332 2.0 442
1760473522504 2.0 443
1760473523096 2.0 444
1760473523221 2.0 445
1760473523346 2.0 446
1760473523487 2.0 447
1760473523619 2.0 448
1760473523747 2.0 449
1760473523912 2.0 450
1760473524047 2.0 451
1760473524187 2.0 452
1760473524314 2.0 453
1760473524443 2.0 454
1760473524574 2.0 455
1760473567497 2.0 456
1760473567680 2.0 457
1760473567815 2.0 458
1760473567961 2.0 459
1760473568512 2.0 460
1760473568636 2.0 461
1760473568807 2.0 462
1760473568955 2.0 463
1760473569087 2.0 464
1760473569217 2.0 465
1760473569355 2.0 466
1760473569533 2.0 467
1760473569681 2.0 468
1760473569811 2.0 469
1760473569938 2.0 470
1760473570112 2.0 471
1760473616150 2.0 472
1760473616448 2.0 473
1760473616583 2.0 474
1760473616709 2.0 475
1760473617975 2.0 476
1760473618100 2.0 477
1760473618233 2.0 478
1760473618372 2.0 479
1760473618498 2.0 480
1760473618625 2.0 481
1760473618762 2.0 482
1760473618907 2.0 483
1760473619042 2.0 484
1760473619174 2.0 485
1760473619315 2.0 486
1760473619490 2.0 487
1760473662763 2.0 488
1760473663181 2.0 489
1760473663311 2.0 490
1760473663440 2.0 491
1760473665326 2.0 492
1760473665452 2.0 493
1760473665586 2.0 494
1760473665725 2.0 495
1760473665850 2.0 496
1760473665975 2.0 497
1760473666116 2.0 498
1760473666290 2.0 499
1760473666432 2.0 500
1760473666559 2.0 501
1760473666692 2.0 502
1760473666849 2.0 503
1760473708313 2.0 504
1760473709312 2.0 505
1760473709439 2.0 506
1760473709567 2.0 507
1760473711318 2.0 508
1760473711448 2.0 509
1760473711583 2.0 510
1760473711720 2.0 511
1760473711849 2.0 512
1760473711981 2.0 513
1760473712114 2.0 514
1760473712253 2.0 515
1760473712389 2.0 516
1760473712515 2.0 517
1760473712649 2.0 518
1760473712783 2.0 519
1760473755488 2.0 520
1760473757415 2.0 521
1760473757554 2.0 522
1760473757683 2.0 523
1760473759117 2.0 524
1760473759289 2.0 525
1760473759437 2.0 526
1760473759583 2.0 527
1760473759717 2.0 528
1760473759923 2.0 529
1760473760062 2.0 530
1760473760201 2.0 531
1760473760347 2.0 532
1760473760508 2.0 533
1760473760670 2.0 534
1760473760800 2.0 535
1760473805055 2.0 536
1760473806475 2.0 537
1760473806603 2.0 538
1760473806728 2.0 539
1760473807823 2.0 540
1760473807949 2.0 541
1760473808083 2.0 542
1760473808218 2.0 543
1760473808351 2.0 544
1760473808480 2.0 545
1760473808615 2.0 546
1760473808752 2.0 547
1760473808891 2.0 548
1760473809070 2.0 549
1760473809199 2.0 550
1760473809328 2.0 551
1760473842152 2.0 552
1760473843536 2.0 553
1760473843665 2.0 554
1760473843790 2.0 555
1760473843966 2.0 556
1760473844092 2.0 557
1760473844226 2.0 558
1760473844360 2.0 559
1760473844484 2.0 560
1760473844608 2.0 561
1760473844743 2.0 562
1760473844760 2.0 563
1760473928294 2.0 563
1760473977205 3.0 564
1760473977384 3.0 565
1760473977520 3.0 566
1760473977694 3.0 567
1760473977863 3.0 568
1760473978062 3.0 569
1760473978190 3.0 570
1760473978314 3.0 571
1760473978440 3.0 572
1760473978564 3.0 573
1760473978776 3.0 574
1760473978908 3.0 575
1760473979051 3.0 576
1760473979194 3.0 577
1760473979331 3.0 578
1760473979467 3.0 579
1760474023545 3.0 580
1760474023897 3.0 581
1760474024068 3.0 582
1760474024217 3.0 583
1760474024343 3.0 584
1760474024480 3.0 585
1760474024618 3.0 586
1760474024748 3.0 587
1760474024874 3.0 588
1760474025014 3.0 589
1760474025148 3.0 590
1760474025335 3.0 591
1760474025459 3.0 592
1760474025593 3.0 593
1760474025727 3.0 594
1760474025860 3.0 595
1760474071364 3.0 596
1760474071491 3.0 597
1760474071617 3.0 598
1760474071788 3.0 599
1760474071955 3.0 600
1760474072104 3.0 601
1760474072242 3.0 602
1760474072381 3.0 603
1760474072507 3.0 604
1760474072656 3.0 605
1760474072784 3.0 606
1760474072918 3.0 607
1760474073045 3.0 608
1760474073185 3.0 609
1760474073397 3.0 610
1760474073528 3.0 611
1760474118917 3.0 612
1760474119046 3.0 613
1760474119183 3.0 614
1760474119318 3.0 615
1760474119453 3.0 616
1760474119587 3.0 617
1760474119723 3.0 618
1760474119858 3.0 619
1760474119983 3.0 620
1760474120160 3.0 621
1760474120290 3.0 622
1760474120500 3.0 623
1760474120625 3.0 624
1760474120759 3.0 625
1760474120952 3.0 626
1760474121090 3.0 627
1760474166167 3.0 628
1760474166303 3.0 629
1760474166485 3.0 630
1760474166628 3.0 631
1760474166764 3.0 632
1760474166899 3.0 633
1760474167027 3.0 634
1760474167157 3.0 635
1760474167294 3.0 636
1760474167470 3.0 637
1760474167642 3.0 638
1760474167775 3.0 639
1760474167927 3.0 640
1760474168060 3.0 641
1760474168189 3.0 642
1760474168328 3.0 643
1760474214852 3.0 644
1760474214987 3.0 645
1760474215214 3.0 646
1760474215349 3.0 647
1760474215481 3.0 648
1760474215618 3.0 649
1760474215756 3.0 650
1760474215886 3.0 651
1760474216094 3.0 652
1760474216226 3.0 653
1760474216403 3.0 654
1760474216597 3.0 655
1760474216769 3.0 656
1760474216897 3.0 657
1760474217031 3.0 658
1760474217193 3.0 659
1760474262988 3.0 660
1760474263135 3.0 661
1760474263284 3.0 662
1760474263469 3.0 663
1760474263603 3.0 664
1760474263734 3.0 665
1760474263875 3.0 666
1760474264000 3.0 667
1760474264129 3.0 668
1760474264296 3.0 669
1760474264471 3.0 670
1760474264604 3.0 671
1760474264742 3.0 672
1760474264871 3.0 673
1760474265003 3.0 674
1760474265134 3.0 675
1760474311516 3.0 676
1760474311652 3.0 677
1760474312144 3.0 678
1760474312280 3.0 679
1760474312412 3.0 680
1760474312545 3.0 681
1760474312682 3.0 682
1760474312812 3.0 683
1760474312991 3.0 684
1760474313117 3.0 685
1760474313248 3.0 686
1760474313435 3.0 687
1760474313567 3.0 688
1760474313751 3.0 689
1760474313882 3.0 690
1760474314014 3.0 691
1760474359592 3.0 692
1760474359762 3.0 693
1760474360190 3.0 694
1760474360329 3.0 695
1760474360461 3.0 696
1760474360635 3.0 697
1760474360793 3.0 698
1760474360975 3.0 699
1760474361110 3.0 700
1760474361241 3.0 701
1760474361372 3.0 702
1760474361500 3.0 703
1760474361634 3.0 704
1760474361766 3.0 705
1760474361894 3.0 706
1760474362024 3.0 707
1760474405263 3.0 708
1760474405409 3.0 709
1760474405624 3.0 710
1760474405754 3.0 711
1760474405889 3.0 712
1760474406027 3.0 713
1760474406161 3.0 714
1760474406295 3.0 715
1760474406439 3.0 716
1760474406569 3.0 717
1760474406703 3.0 718
1760474406842 3.0 719
1760474406980 3.0 720
1760474407117 3.0 721
1760474407248 3.0 722
1760474407374 3.0 723
1760474452703 3.0 724
1760474452836 3.0 725
1760474452972 3.0 726
1760474453110 3.0 727
1760474453242 3.0 728
1760474453376 3.0 729
1760474453535 3.0 730
1760474453670 3.0 731
1760474453811 3.0 732
1760474453940 3.0 733
1760474454068 3.0 734
1760474454201 3.0 735
1760474454337 3.0 736
1760474454475 3.0 737
1760474454608 3.0 738
1760474454743 3.0 739
1760474491050 3.0 740
1760474491186 3.0 741
1760474491322 3.0 742
1760474491453 3.0 743
1760474491586 3.0 744
1760474491717 3.0 745
1760474491845 3.0 746
1760474491973 3.0 747
1760474492109 3.0 748
1760474492239 3.0 749
1760474492371 3.0 750
1760474492390 3.0 751
1760474576705 3.0 751
1760474622951 4.0 752
1760474623433 4.0 753
1760474623862 4.0 754
1760474623992 4.0 755
1760474624123 4.0 756
1760474624284 4.0 757
1760474624428 4.0 758
1760474624560 4.0 759
1760474624692 4.0 760
1760474624858 4.0 761
1760474624987 4.0 762
1760474625116 4.0 763
1760474625293 4.0 764
1760474625460 4.0 765
1760474625594 4.0 766
1760474625755 4.0 767
1760474669938 4.0 768
1760474670089 4.0 769
1760474670735 4.0 770
1760474670866 4.0 771
1760474671001 4.0 772
1760474671220 4.0 773
1760474671352 4.0 774
1760474671493 4.0 775
1760474671626 4.0 776
1760474671775 4.0 777
1760474671907 4.0 778
1760474672042 4.0 779
1760474672179 4.0 780
1760474672326 4.0 781
1760474672465 4.0 782
1760474672601 4.0 783
1760474717144 4.0 784
1760474717286 4.0 785
1760474717710 4.0 786
1760474717841 4.0 787
1760474717977 4.0 788
1760474718111 4.0 789
1760474718243 4.0 790
1760474718372 4.0 791
1760474718510 4.0 792
1760474718648 4.0 793
1760474718785 4.0 794
1760474718920 4.0 795
1760474719062 4.0 796
1760474719193 4.0 797
1760474719328 4.0 798
1760474719485 4.0 799
1760474764808 4.0 800
1760474764952 4.0 801
1760474765666 4.0 802
1760474765799 4.0 803
1760474765979 4.0 804
1760474766121 4.0 805
1760474766373 4.0 806
1760474766503 4.0 807
1760474766639 4.0 808
1760474766769 4.0 809
1760474766916 4.0 810
1760474767097 4.0 811
1760474767234 4.0 812
1760474767367 4.0 813
1760474767502 4.0 814
1760474767645 4.0 815
1760474813679 4.0 816
1760474813825 4.0 817
1760474814271 4.0 818
1760474814406 4.0 819
1760474814534 4.0 820
1760474814667 4.0 821
1760474814808 4.0 822
1760474814940 4.0 823
1760474815078 4.0 824
1760474815214 4.0 825
1760474815346 4.0 826
1760474815491 4.0 827
1760474815651 4.0 828
1760474815783 4.0 829
1760474815964 4.0 830
1760474816093 4.0 831
1760474861101 4.0 832
1760474861239 4.0 833
1760474861890 4.0 834
1760474862022 4.0 835
1760474862154 4.0 836
1760474862287 4.0 837
1760474862416 4.0 838
1760474862547 4.0 839
1760474862683 4.0 840
1760474862814 4.0 841
1760474862947 4.0 842
1760474863079 4.0 843
1760474863209 4.0 844
1760474863363 4.0 845
1760474863503 4.0 846
1760474863637 4.0 847
1760474912906 4.0 848
1760474913043 4.0 849
1760474913597 4.0 850
1760474913736 4.0 851
1760474913863 4.0 852
1760474914010 4.0 853
1760474914158 4.0 854
1760474914338 4.0 855
1760474914471 4.0 856
1760474914604 4.0 857
1760474914749 4.0 858
1760474914890 4.0 859
1760474915020 4.0 860
1760474915154 4.0 861
1760474915287 4.0 862
1760474915423 4.0 863
1760474962459 4.0 864
1760474962605 4.0 865
1760474962974 4.0 866
1760474963111 4.0 867
1760474963243 4.0 868
1760474963378 4.0 869
1760474964762 4.0 870
1760474964895 4.0 871
1760474965036 4.0 872
1760474965166 4.0 873
1760474965299 4.0 874
1760474965446 4.0 875
1760474965675 4.0 876
1760474965806 4.0 877
1760474965940 4.0 878
1760474966078 4.0 879
1760475009715 4.0 880
1760475009845 4.0 881
1760475011250 4.0 882
1760475011387 4.0 883
1760475011529 4.0 884
1760475011661 4.0 885
1760475011978 4.0 886
1760475012170 4.0 887
1760475012313 4.0 888
1760475012441 4.0 889
1760475012576 4.0 890
1760475012824 4.0 891
1760475012955 4.0 892
1760475013086 4.0 893
1760475013245 4.0 894
1760475013380 4.0 895
1760475057772 4.0 896
1760475057913 4.0 897
1760475059041 4.0 898
1760475059207 4.0 899
1760475059334 4.0 900
1760475059514 4.0 901
1760475059777 4.0 902
1760475059919 4.0 903
1760475060058 4.0 904
1760475060192 4.0 905
1760475060376 4.0 906
1760475060507 4.0 907
1760475060635 4.0 908
1760475060769 4.0 909
1760475060900 4.0 910
1760475061060 4.0 911
1760475103366 4.0 912
1760475103519 4.0 913
1760475105155 4.0 914
1760475105289 4.0 915
1760475105417 4.0 916
1760475105547 4.0 917
1760475105962 4.0 918
1760475106099 4.0 919
1760475106227 4.0 920
1760475106360 4.0 921
1760475106499 4.0 922
1760475106679 4.0 923
1760475106809 4.0 924
1760475106949 4.0 925
1760475107087 4.0 926
1760475107217 4.0 927
1760475142969 4.0 928
1760475143848 4.0 929
1760475144853 4.0 930
1760475144986 4.0 931
1760475145115 4.0 932
1760475145245 4.0 933
1760475145374 4.0 934
1760475145507 4.0 935
1760475145645 4.0 936
1760475145774 4.0 937
1760475145907 4.0 938
1760475145925 4.0 939
1760475229829 4.0 939
1760475277949 5.0 940
1760475278547 5.0 941
1760475278691 5.0 942
1760475279042 5.0 943
1760475279180 5.0 944
1760475279340 5.0 945
1760475279474 5.0 946
1760475279602 5.0 947
1760475279733 5.0 948
1760475279862 5.0 949
1760475280029 5.0 950
1760475280196 5.0 951
1760475280328 5.0 952
1760475280472 5.0 953
1760475280653 5.0 954
1760475280784 5.0 955
1760475326013 5.0 956
1760475326536 5.0 957
1760475327049 5.0 958
1760475327185 5.0 959
1760475327345 5.0 960
1760475327477 5.0 961
1760475327606 5.0 962
1760475327841 5.0 963
1760475327974 5.0 964
1760475328109 5.0 965
1760475328238 5.0 966
1760475328372 5.0 967
1760475328505 5.0 968
1760475328637 5.0 969
1760475328775 5.0 970
1760475328905 5.0 971
1760475372717 5.0 972
1760475373071 5.0 973
1760475373586 5.0 974
1760475373724 5.0 975
1760475373868 5.0 976
1760475374041 5.0 977
1760475374175 5.0 978
1760475374466 5.0 979
1760475374599 5.0 980
1760475374734 5.0 981
1760475374862 5.0 982
1760475375004 5.0 983
1760475375136 5.0 984
1760475375269 5.0 985
1760475375406 5.0 986
1760475375545 5.0 987
1760475418995 5.0 988
1760475420027 5.0 989
1760475420324 5.0 990
1760475420452 5.0 991
1760475420583 5.0 992
1760475420713 5.0 993
1760475420882 5.0 994
1760475421236 5.0 995
1760475421372 5.0 996
1760475421518 5.0 997
1760475421667 5.0 998
1760475421856 5.0 999
1760475422005 5.0 1000
1760475422141 5.0 1001
1760475422322 5.0 1002
1760475422465 5.0 1003
1760475466947 5.0 1004
1760475467944 5.0 1005
1760475468238 5.0 1006
1760475468367 5.0 1007
1760475468505 5.0 1008
1760475468635 5.0 1009
1760475468763 5.0 1010
1760475469536 5.0 1011
1760475469668 5.0 1012
1760475469809 5.0 1013
1760475469939 5.0 1014
1760475470071 5.0 1015
1760475470208 5.0 1016
1760475470345 5.0 1017
1760475470483 5.0 1018
1760475470614 5.0 1019
1760475513700 5.0 1020
1760475514966 5.0 1021
1760475515107 5.0 1022
1760475515236 5.0 1023
1760475515374 5.0 1024
1760475515503 5.0 1025
1760475515639 5.0 1026
1760475516813 5.0 1027
1760475516946 5.0 1028
1760475517083 5.0 1029
1760475517211 5.0 1030
1760475517349 5.0 1031
1760475517497 5.0 1032
1760475517630 5.0 1033
1760475517765 5.0 1034
1760475517896 5.0 1035
1760475561916 5.0 1036
1760475563137 5.0 1037
1760475563277 5.0 1038
1760475563412 5.0 1039
1760475563544 5.0 1040
1760475563672 5.0 1041
1760475563805 5.0 1042
1760475564877 5.0 1043
1760475565056 5.0 1044
1760475565192 5.0 1045
1760475565360 5.0 1046
1760475565493 5.0 1047
1760475565636 5.0 1048
1760475565764 5.0 1049
1760475565906 5.0 1050
1760475566043 5.0 1051
1760475610260 5.0 1052
1760475612485 5.0 1053
1760475612631 5.0 1054
1760475612756 5.0 1055
1760475612887 5.0 1056
1760475613019 5.0 1057
1760475613202 5.0 1058
1760475614827 5.0 1059
1760475614959 5.0 1060
1760475615095 5.0 1061
1760475615223 5.0 1062
1760475615356 5.0 1063
1760475615495 5.0 1064
1760475615642 5.0 1065
1760475615779 5.0 1066
1760475615914 5.0 1067
1760475656428 5.0 1068
1760475658442 5.0 1069
1760475658577 5.0 1070
1760475658717 5.0 1071
1760475658851 5.0 1072
1760475658983 5.0 1073
1760475659113 5.0 1074
1760475660012 5.0 1075
1760475660144 5.0 1076
1760475660282 5.0 1077
1760475660474 5.0 1078
1760475660605 5.0 1079
1760475660745 5.0 1080
1760475660891 5.0 1081
1760475661029 5.0 1082
1760475661163 5.0 1083
1760475704272 5.0 1084
1760475706037 5.0 1085
1760475706180 5.0 1086
1760475706308 5.0 1087
1760475706440 5.0 1088
1760475706584 5.0 1089
1760475706728 5.0 1090
1760475707651 5.0 1091
1760475707785 5.0 1092
1760475707978 5.0 1093
1760475708143 5.0 1094
1760475708362 5.0 1095
1760475708498 5.0 1096
1760475708633 5.0 1097
1760475708808 5.0 1098
1760475708940 5.0 1099
1760475750937 5.0 1100
1760475752396 5.0 1101
1760475752536 5.0 1102
1760475752675 5.0 1103
1760475752851 5.0 1104
1760475752986 5.0 1105
1760475753116 5.0 1106
1760475754054 5.0 1107
1760475754188 5.0 1108
1760475754321 5.0 1109
1760475754447 5.0 1110
1760475754581 5.0 1111
1760475754715 5.0 1112
1760475754858 5.0 1113
1760475754992 5.0 1114
1760475755123 5.0 1115
1760475788398 5.0 1116
1760475789157 5.0 1117
1760475789291 5.0 1118
1760475789426 5.0 1119
1760475789567 5.0 1120
1760475789695 5.0 1121
1760475789830 5.0 1122
1760475789991 5.0 1123
1760475790128 5.0 1124
1760475790259 5.0 1125
1760475790391 5.0 1126
1760475790409 5.0 1127
1760475871653 5.0 1127
1760475919857 6.0 1128
1760475920216 6.0 1129
1760475920353 6.0 1130
1760475920486 6.0 1131
1760475920618 6.0 1132
1760475920749 6.0 1133
1760475920887 6.0 1134
1760475921020 6.0 1135
1760475921151 6.0 1136
1760475921287 6.0 1137
1760475921434 6.0 1138
1760475921570 6.0 1139
1760475921707 6.0 1140
1760475921840 6.0 1141
1760475921970 6.0 1142
1760475922102 6.0 1143
1760475968318 6.0 1144
1760475968457 6.0 1145
1760475968602 6.0 1146
1760475968739 6.0 1147
1760475968873 6.0 1148
1760475969007 6.0 1149
1760475969138 6.0 1150
1760475969304 6.0 1151
1760475969485 6.0 1152
1760475969623 6.0 1153
1760475969762 6.0 1154
1760475969904 6.0 1155
1760475970038 6.0 1156
1760475970167 6.0 1157
1760475970298 6.0 1158
1760475970433 6.0 1159
1760476015047 6.0 1160
1760476015184 6.0 1161
1760476015321 6.0 1162
1760476015501 6.0 1163
1760476015636 6.0 1164
1760476015775 6.0 1165
1760476015910 6.0 1166
1760476016051 6.0 1167
1760476016185 6.0 1168
1760476016316 6.0 1169
1760476016450 6.0 1170
1760476016589 6.0 1171
1760476016720 6.0 1172
1760476016855 6.0 1173
1760476016986 6.0 1174
1760476017132 6.0 1175
1760476065126 6.0 1176
1760476065268 6.0 1177
1760476065398 6.0 1178
1760476065539 6.0 1179
1760476065670 6.0 1180
1760476065800 6.0 1181
1760476065935 6.0 1182
1760476066062 6.0 1183
1760476066213 6.0 1184
1760476066392 6.0 1185
1760476066527 6.0 1186
1760476066661 6.0 1187
1760476066789 6.0 1188
1760476066923 6.0 1189
1760476067075 6.0 1190
1760476067247 6.0 1191
1760476110428 6.0 1192
1760476110557 6.0 1193
1760476110695 6.0 1194
1760476110835 6.0 1195
1760476110968 6.0 1196
1760476111100 6.0 1197
1760476111275 6.0 1198
1760476111431 6.0 1199
1760476111566 6.0 1200
1760476111704 6.0 1201
1760476111845 6.0 1202
1760476111977 6.0 1203
1760476112104 6.0 1204
1760476112236 6.0 1205
1760476112375 6.0 1206
1760476112513 6.0 1207
1760476156479 6.0 1208
1760476156615 6.0 1209
1760476156753 6.0 1210
1760476156922 6.0 1211
1760476157055 6.0 1212
1760476157182 6.0 1213
1760476157316 6.0 1214
1760476157449 6.0 1215
1760476157589 6.0 1216
1760476157735 6.0 1217
1760476157877 6.0 1218
1760476158017 6.0 1219
1760476158146 6.0 1220
1760476158283 6.0 1221
1760476158416 6.0 1222
1760476158553 6.0 1223
1760476201169 6.0 1224
1760476201298 6.0 1225
1760476201435 6.0 1226
1760476201565 6.0 1227
1760476201699 6.0 1228
1760476201828 6.0 1229
1760476201964 6.0 1230
1760476202095 6.0 1231
1760476202227 6.0 1232
1760476202369 6.0 1233
1760476202503 6.0 1234
1760476202635 6.0 1235
1760476202763 6.0 1236
1760476202897 6.0 1237
1760476203027 6.0 1238
1760476203170 6.0 1239
1760476249736 6.0 1240
1760476249907 6.0 1241
1760476250039 6.0 1242
1760476250171 6.0 1243
1760476250307 6.0 1244
1760476250439 6.0 1245
1760476250578 6.0 1246
1760476250710 6.0 1247
1760476250884 6.0 1248
1760476251023 6.0 1249
1760476251153 6.0 1250
1760476251291 6.0 1251
1760476251417 6.0 1252
1760476251551 6.0 1253
1760476251692 6.0 1254
1760476251839 6.0 1255
1760476294805 6.0 1256
1760476294937 6.0 1257
1760476295072 6.0 1258
1760476295202 6.0 1259
1760476295339 6.0 1260
1760476295467 6.0 1261
1760476295605 6.0 1262
1760476295738 6.0 1263
1760476295879 6.0 1264
1760476296009 6.0 1265
1760476296157 6.0 1266
1760476296293 6.0 1267
1760476296468 6.0 1268
1760476296604 6.0 1269
1760476296735 6.0 1270
1760476296880 6.0 1271
1760476343140 6.0 1272
1760476343277 6.0 1273
1760476343515 6.0 1274
1760476343643 6.0 1275
1760476343776 6.0 1276
1760476343903 6.0 1277
1760476344040 6.0 1278
1760476344174 6.0 1279
1760476344355 6.0 1280
1760476344493 6.0 1281
1760476344625 6.0 1282
1760476344767 6.0 1283
1760476344896 6.0 1284
1760476345028 6.0 1285
1760476345155 6.0 1286
1760476345297 6.0 1287
1760476391066 6.0 1288
1760476391242 6.0 1289
1760476391371 6.0 1290
1760476391502 6.0 1291
1760476391638 6.0 1292
1760476391764 6.0 1293
1760476391900 6.0 1294
1760476392031 6.0 1295
1760476392170 6.0 1296
1760476392306 6.0 1297
1760476392447 6.0 1298
1760476392584 6.0 1299
1760476392708 6.0 1300
1760476392838 6.0 1301
1760476392965 6.0 1302
1760476393105 6.0 1303
1760476429538 6.0 1304
1760476429668 6.0 1305
1760476429797 6.0 1306
1760476429924 6.0 1307
1760476430060 6.0 1308
1760476430184 6.0 1309
1760476430322 6.0 1310
1760476430449 6.0 1311
1760476430585 6.0 1312
1760476430721 6.0 1313
1760476430853 6.0 1314
1760476430871 6.0 1315
1760476516989 6.0 1315
1760476564961 7.0 1316
1760476565103 7.0 1317
1760476565238 7.0 1318
1760476565382 7.0 1319
1760476565515 7.0 1320
1760476565648 7.0 1321
1760476565782 7.0 1322
1760476565912 7.0 1323
1760476566048 7.0 1324
1760476566180 7.0 1325
1760476566354 7.0 1326
1760476566488 7.0 1327
1760476566629 7.0 1328
1760476566765 7.0 1329
1760476566960 7.0 1330
1760476567133 7.0 1331
1760476611382 7.0 1332
1760476611522 7.0 1333
1760476611654 7.0 1334
1760476611797 7.0 1335
1760476611933 7.0 1336
1760476612070 7.0 1337
1760476612207 7.0 1338
1760476612354 7.0 1339
1760476612494 7.0 1340
1760476612628 7.0 1341
1760476612757 7.0 1342
1760476612891 7.0 1343
1760476613030 7.0 1344
1760476613168 7.0 1345
1760476613326 7.0 1346
1760476613460 7.0 1347
1760476658001 7.0 1348
1760476658184 7.0 1349
1760476658402 7.0 1350
1760476658543 7.0 1351
1760476658670 7.0 1352
1760476658797 7.0 1353
1760476658926 7.0 1354
1760476659054 7.0 1355
1760476659191 7.0 1356
1760476659332 7.0 1357
1760476659462 7.0 1358
1760476659658 7.0 1359
1760476659792 7.0 1360
1760476659925 7.0 1361
1760476660055 7.0 1362
1760476660188 7.0 1363
1760476702510 7.0 1364
1760476702652 7.0 1365
1760476702789 7.0 1366
1760476702937 7.0 1367
1760476703066 7.0 1368
1760476703199 7.0 1369
1760476703331 7.0 1370
1760476703461 7.0 1371
1760476703604 7.0 1372
1760476703746 7.0 1373
1760476703877 7.0 1374
1760476704052 7.0 1375
1760476704183 7.0 1376
1760476704325 7.0 1377
1760476704459 7.0 1378
1760476704598 7.0 1379
1760476746323 7.0 1380
1760476746462 7.0 1381
1760476746673 7.0 1382
1760476746811 7.0 1383
1760476746936 7.0 1384
1760476747068 7.0 1385
1760476747202 7.0 1386
1760476747340 7.0 1387
1760476747473 7.0 1388
1760476747604 7.0 1389
1760476747738 7.0 1390
1760476747920 7.0 1391
1760476748052 7.0 1392
1760476748190 7.0 1393
1760476748320 7.0 1394
1760476748463 7.0 1395
1760476791969 7.0 1396
1760476792105 7.0 1397
1760476792236 7.0 1398
1760476792381 7.0 1399
1760476792527 7.0 1400
1760476792663 7.0 1401
1760476792796 7.0 1402
1760476792959 7.0 1403
1760476793107 7.0 1404
1760476793239 7.0 1405
1760476793373 7.0 1406
1760476793502 7.0 1407
1760476793637 7.0 1408
1760476793769 7.0 1409
1760476793907 7.0 1410
1760476794074 7.0 1411
1760476838695 7.0 1412
1760476838837 7.0 1413
1760476838978 7.0 1414
1760476839114 7.0 1415
1760476839244 7.0 1416
1760476839377 7.0 1417
1760476839506 7.0 1418
1760476839640 7.0 1419
1760476839772 7.0 1420
1760476839906 7.0 1421
1760476840073 7.0 1422
1760476840204 7.0 1423
1760476840347 7.0 1424
1760476840477 7.0 1425
1760476840606 7.0 1426
1760476840742 7.0 1427
1760476886310 7.0 1428
1760476886456 7.0 1429
1760476886589 7.0 1430
1760476886724 7.0 1431
1760476886854 7.0 1432
1760476886986 7.0 1433
1760476887118 7.0 1434
1760476887251 7.0 1435
1760476887380 7.0 1436
1760476887511 7.0 1437
1760476887650 7.0 1438
1760476887785 7.0 1439
1760476887941 7.0 1440
1760476888071 7.0 1441
1760476888204 7.0 1442
1760476888340 7.0 1443
1760476933578 7.0 1444
1760476933719 7.0 1445
1760476934017 7.0 1446
1760476934155 7.0 1447
1760476934281 7.0 1448
1760476934423 7.0 1449
1760476934562 7.0 1450
1760476934695 7.0 1451
1760476934851 7.0 1452
1760476934989 7.0 1453
1760476935118 7.0 1454
1760476935249 7.0 1455
1760476935406 7.0 1456
1760476935572 7.0 1457
1760476935705 7.0 1458
1760476935847 7.0 1459
1760476980468 7.0 1460
1760476980604 7.0 1461
1760476980757 7.0 1462
1760476980887 7.0 1463
1760476981024 7.0 1464
1760476981185 7.0 1465
1760476981316 7.0 1466
1760476981447 7.0 1467
1760476981584 7.0 1468
1760476981717 7.0 1469
1760476981873 7.0 1470
1760476982007 7.0 1471
1760476982140 7.0 1472
1760476982270 7.0 1473
1760476982404 7.0 1474
1760476982545 7.0 1475
1760477025769 7.0 1476
1760477025918 7.0 1477
1760477026069 7.0 1478
1760477026207 7.0 1479
1760477026337 7.0 1480
1760477026495 7.0 1481
1760477026631 7.0 1482
1760477026763 7.0 1483
1760477026902 7.0 1484
1760477027036 7.0 1485
1760477027167 7.0 1486
1760477027304 7.0 1487
1760477027443 7.0 1488
1760477027568 7.0 1489
1760477027702 7.0 1490
1760477027836 7.0 1491
1760477064144 7.0 1492
1760477064284 7.0 1493
1760477064417 7.0 1494
1760477064549 7.0 1495
1760477064678 7.0 1496
1760477064810 7.0 1497
1760477064945 7.0 1498
1760477065076 7.0 1499
1760477065209 7.0 1500
1760477065340 7.0 1501
1760477065470 7.0 1502
1760477065488 7.0 1503
1760477153059 7.0 1503
1760477201709 8.0 1504
1760477201852 8.0 1505
1760477201986 8.0 1506
1760477202118 8.0 1507
1760477202271 8.0 1508
1760477202435 8.0 1509
1760477202567 8.0 1510
1760477202700 8.0 1511
1760477202833 8.0 1512
1760477203013 8.0 1513
1760477203144 8.0 1514
1760477203277 8.0 1515
1760477203413 8.0 1516
1760477203546 8.0 1517
1760477203690 8.0 1518
1760477203866 8.0 1519
1760477251047 8.0 1520
1760477251184 8.0 1521
1760477251317 8.0 1522
1760477251448 8.0 1523
1760477251580 8.0 1524
1760477251768 8.0 1525
1760477251900 8.0 1526
1760477252041 8.0 1527
1760477252176 8.0 1528
1760477252310 8.0 1529
1760477252441 8.0 1530
1760477252590 8.0 1531
1760477252726 8.0 1532
1760477252863 8.0 1533
1760477252996 8.0 1534
1760477253129 8.0 1535
1760477297302 8.0 1536
1760477297480 8.0 1537
1760477297617 8.0 1538
1760477297749 8.0 1539
1760477297883 8.0 1540
1760477298013 8.0 1541
1760477298148 8.0 1542
1760477298280 8.0 1543
1760477298412 8.0 1544
1760477298571 8.0 1545
1760477298700 8.0 1546
1760477298836 8.0 1547
1760477298970 8.0 1548
1760477299103 8.0 1549
1760477299234 8.0 1550
1760477299375 8.0 1551
1760477345361 8.0 1552
1760477345497 8.0 1553
1760477345632 8.0 1554
1760477345770 8.0 1555
1760477345901 8.0 1556
1760477346061 8.0 1557
1760477346195 8.0 1558
1760477346322 8.0 1559
1760477346452 8.0 1560
1760477346582 8.0 1561
1760477346721 8.0 1562
1760477346852 8.0 1563
1760477346984 8.0 1564
1760477347161 8.0 1565
1760477347301 8.0 1566
1760477347434 8.0 1567
1760477394032 8.0 1568
1760477394168 8.0 1569
1760477394306 8.0 1570
1760477394439 8.0 1571
1760477394573 8.0 1572
1760477394730 8.0 1573
1760477394863 8.0 1574
1760477394991 8.0 1575
1760477395132 8.0 1576
1760477395263 8.0 1577
1760477395390 8.0 1578
1760477395523 8.0 1579
1760477395655 8.0 1580
1760477395787 8.0 1581
1760477396011 8.0 1582
1760477396153 8.0 1583
1760477442478 8.0 1584
1760477442615 8.0 1585
1760477442765 8.0 1586
1760477442953 8.0 1587
1760477443090 8.0 1588
1760477443230 8.0 1589
1760477443361 8.0 1590
1760477443497 8.0 1591
1760477443633 8.0 1592
1760477443764 8.0 1593
1760477443899 8.0 1594
1760477444032 8.0 1595
1760477444162 8.0 1596
1760477444294 8.0 1597
1760477444481 8.0 1598
1760477444631 8.0 1599
1760477491029 8.0 1600
1760477491166 8.0 1601
1760477491305 8.0 1602
1760477491459 8.0 1603
1760477491599 8.0 1604
1760477491758 8.0 1605
1760477491897 8.0 1606
1760477492027 8.0 1607
1760477492161 8.0 1608
1760477492293 8.0 1609
1760477492422 8.0 1610
1760477492554 8.0 1611
1760477492691 8.0 1612
1760477492825 8.0 1613
1760477492955 8.0 1614
1760477493087 8.0 1615
1760477539319 8.0 1616
1760477539510 8.0 1617
1760477539672 8.0 1618
1760477539803 8.0 1619
1760477539938 8.0 1620
1760477540081 8.0 1621
1760477540213 8.0 1622
1760477540347 8.0 1623
1760477540479 8.0 1624
1760477540623 8.0 1625
1760477540772 8.0 1626
1760477540906 8.0 1627
1760477541041 8.0 1628
1760477541181 8.0 1629
1760477541315 8.0 1630
1760477541448 8.0 1631
1760477586684 8.0 1632
1760477586823 8.0 1633
1760477586966 8.0 1634
1760477587097 8.0 1635
1760477587229 8.0 1636
1760477587389 8.0 1637
1760477587519 8.0 1638
1760477587648 8.0 1639
1760477587779 8.0 1640
1760477587918 8.0 1641
1760477588052 8.0 1642
1760477588266 8.0 1643
1760477588401 8.0 1644
1760477588528 8.0 1645
1760477588657 8.0 1646
1760477588795 8.0 1647
1760477634672 8.0 1648
1760477634835 8.0 1649
1760477634970 8.0 1650
1760477635103 8.0 1651
1760477635235 8.0 1652
1760477635917 8.0 1653
1760477636112 8.0 1654
1760477636252 8.0 1655
1760477636388 8.0 1656
1760477636566 8.0 1657
1760477636693 8.0 1658
1760477636830 8.0 1659
1760477636963 8.0 1660
1760477637093 8.0 1661
1760477637223 8.0 1662
1760477637366 8.0 1663
1760477680724 8.0 1664
1760477680867 8.0 1665
1760477680998 8.0 1666
1760477681127 8.0 1667
1760477681261 8.0 1668
1760477682071 8.0 1669
1760477682206 8.0 1670
1760477682336 8.0 1671
1760477682475 8.0 1672
1760477682658 8.0 1673
1760477682787 8.0 1674
1760477682926 8.0 1675
1760477683080 8.0 1676
1760477683216 8.0 1677
1760477683345 8.0 1678
1760477683483 8.0 1679
1760477721557 8.0 1680
1760477721699 8.0 1681
1760477721825 8.0 1682
1760477721956 8.0 1683
1760477722092 8.0 1684
1760477722243 8.0 1685
1760477722377 8.0 1686
1760477722506 8.0 1687
1760477722643 8.0 1688
1760477722781 8.0 1689
1760477722910 8.0 1690
1760477722928 8.0 1691
1760477809214 8.0 1691
1760477859749 9.0 1692
1760477859987 9.0 1693
1760477860117 9.0 1694
1760477860250 9.0 1695
1760477860390 9.0 1696
1760477860521 9.0 1697
1760477860666 9.0 1698
1760477860797 9.0 1699
1760477860926 9.0 1700
1760477861058 9.0 1701
1760477861189 9.0 1702
1760477861338 9.0 1703
1760477861468 9.0 1704
1760477861593 9.0 1705
1760477861774 9.0 1706
1760477861910 9.0 1707
1760477907664 9.0 1708
1760477907831 9.0 1709
1760477907963 9.0 1710
1760477908108 9.0 1711
1760477908282 9.0 1712
1760477908449 9.0 1713
1760477908584 9.0 1714
1760477908723 9.0 1715
1760477908856 9.0 1716
1760477909000 9.0 1717
1760477909135 9.0 1718
1760477909307 9.0 1719
1760477909441 9.0 1720
1760477909610 9.0 1721
1760477909755 9.0 1722
1760477909891 9.0 1723
1760477954689 9.0 1724
1760477954826 9.0 1725
1760477954951 9.0 1726
1760477955088 9.0 1727
1760477955257 9.0 1728
1760477955383 9.0 1729
1760477955508 9.0 1730
1760477955635 9.0 1731
1760477955764 9.0 1732
1760477955892 9.0 1733
1760477956054 9.0 1734
1760477956180 9.0 1735
1760477956329 9.0 1736
1760477956483 9.0 1737
1760477956612 9.0 1738
1760477956738 9.0 1739
1760478002469 9.0 1740
1760478002604 9.0 1741
1760478002733 9.0 1742
1760478002858 9.0 1743
1760478002998 9.0 1744
1760478003125 9.0 1745
1760478003268 9.0 1746
1760478003398 9.0 1747
1760478003561 9.0 1748
1760478003700 9.0 1749
1760478003844 9.0 1750
1760478003996 9.0 1751
1760478004135 9.0 1752
1760478004262 9.0 1753
1760478004398 9.0 1754
1760478004529 9.0 1755
1760478050151 9.0 1756
1760478050287 9.0 1757
1760478050424 9.0 1758
1760478050556 9.0 1759
1760478050690 9.0 1760
1760478050869 9.0 1761
1760478051005 9.0 1762
1760478051182 9.0 1763
1760478051313 9.0 1764
1760478051494 9.0 1765
1760478051631 9.0 1766
1760478051804 9.0 1767
1760478051935 9.0 1768
1760478052070 9.0 1769
1760478052208 9.0 1770
1760478052334 9.0 1771
1760478097353 9.0 1772
1760478097504 9.0 1773
1760478097641 9.0 1774
1760478097768 9.0 1775
1760478097899 9.0 1776
1760478098082 9.0 1777
1760478098252 9.0 1778
1760478098386 9.0 1779
1760478098513 9.0 1780
1760478098649 9.0 1781
1760478098788 9.0 1782
1760478098929 9.0 1783
1760478099064 9.0 1784
1760478099195 9.0 1785
1760478099326 9.0 1786
1760478099459 9.0 1787
1760478146018 9.0 1788
1760478146536 9.0 1789
1760478146673 9.0 1790
1760478146805 9.0 1791
1760478146939 9.0 1792
1760478147073 9.0 1793
1760478147206 9.0 1794
1760478147347 9.0 1795
1760478147482 9.0 1796
1760478147619 9.0 1797
1760478147754 9.0 1798
1760478147946 9.0 1799
1760478148129 9.0 1800
1760478148256 9.0 1801
1760478148391 9.0 1802
1760478148524 9.0 1803
1760478193401 9.0 1804
1760478194889 9.0 1805
1760478195066 9.0 1806
1760478195200 9.0 1807
1760478195331 9.0 1808
1760478195463 9.0 1809
1760478195598 9.0 1810
1760478195730 9.0 1811
1760478195860 9.0 1812
1760478195990 9.0 1813
1760478196124 9.0 1814
1760478196271 9.0 1815
1760478196402 9.0 1816
1760478196538 9.0 1817
1760478196675 9.0 1818
1760478196805 9.0 1819
1760478241926 9.0 1820
1760478243218 9.0 1821
1760478243351 9.0 1822
1760478243480 9.0 1823
1760478243615 9.0 1824
1760478243755 9.0 1825
1760478243887 9.0 1826
1760478244015 9.0 1827
1760478244154 9.0 1828
1760478244287 9.0 1829
1760478244421 9.0 1830
1760478244549 9.0 1831
1760478244675 9.0 1832
1760478244802 9.0 1833
1760478244948 9.0 1834
1760478245081 9.0 1835
1760478290415 9.0 1836
1760478291842 9.0 1837
1760478291985 9.0 1838
1760478292116 9.0 1839
1760478292245 9.0 1840
1760478292382 9.0 1841
1760478292517 9.0 1842
1760478292652 9.0 1843
1760478292808 9.0 1844
1760478292957 9.0 1845
1760478293093 9.0 1846
1760478293269 9.0 1847
1760478293400 9.0 1848
1760478293536 9.0 1849
1760478293734 9.0 1850
1760478293867 9.0 1851
1760478339284 9.0 1852
1760478341295 9.0 1853
1760478341436 9.0 1854
1760478341563 9.0 1855
1760478341694 9.0 1856
1760478341833 9.0 1857
1760478341971 9.0 1858
1760478342107 9.0 1859
1760478342240 9.0 1860
1760478342367 9.0 1861
1760478342503 9.0 1862
1760478342631 9.0 1863
1760478342811 9.0 1864
1760478342940 9.0 1865
1760478343126 9.0 1866
1760478343258 9.0 1867
1760478379150 9.0 1868
1760478380548 9.0 1869
1760478380685 9.0 1870
1760478380815 9.0 1871
1760478380946 9.0 1872
1760478381077 9.0 1873
1760478381215 9.0 1874
1760478381344 9.0 1875
1760478381476 9.0 1876
1760478381604 9.0 1877
1760478381738 9.0 1878
1760478381756 9.0 1879
1760478467033 9.0 1879
1760478519890 10.0 1880
1760478520023 10.0 1881
1760478520161 10.0 1882
1760478520296 10.0 1883
1760478520428 10.0 1884
1760478520560 10.0 1885
1760478520743 10.0 1886
1760478520883 10.0 1887
1760478521063 10.0 1888
1760478521191 10.0 1889
1760478521323 10.0 1890
1760478521491 10.0 1891
1760478521631 10.0 1892
1760478521765 10.0 1893
1760478521899 10.0 1894
1760478522107 10.0 1895
1760478569626 10.0 1896
1760478569765 10.0 1897
1760478569904 10.0 1898
1760478570078 10.0 1899
1760478570234 10.0 1900
1760478570371 10.0 1901
1760478570501 10.0 1902
1760478570631 10.0 1903
1760478570880 10.0 1904
1760478571021 10.0 1905
1760478571159 10.0 1906
1760478571293 10.0 1907
1760478571429 10.0 1908
1760478571563 10.0 1909
1760478571716 10.0 1910
1760478571875 10.0 1911
1760478618540 10.0 1912
1760478618683 10.0 1913
1760478618820 10.0 1914
1760478618962 10.0 1915
1760478619140 10.0 1916
1760478619285 10.0 1917
1760478619420 10.0 1918
1760478619562 10.0 1919
1760478619702 10.0 1920
1760478619841 10.0 1921
1760478619979 10.0 1922
1760478620117 10.0 1923
1760478620262 10.0 1924
1760478620406 10.0 1925
1760478620545 10.0 1926
1760478620719 10.0 1927
1760478664052 10.0 1928
1760478664187 10.0 1929
1760478664332 10.0 1930
1760478664477 10.0 1931
1760478664617 10.0 1932
1760478664750 10.0 1933
1760478664883 10.0 1934
1760478665015 10.0 1935
1760478665197 10.0 1936
1760478665342 10.0 1937
1760478665467 10.0 1938
1760478665653 10.0 1939
1760478665790 10.0 1940
1760478665932 10.0 1941
1760478666058 10.0 1942
1760478666188 10.0 1943
1760478713198 10.0 1944
1760478713348 10.0 1945
1760478713490 10.0 1946
1760478713665 10.0 1947
1760478713802 10.0 1948
1760478713987 10.0 1949
1760478714145 10.0 1950
1760478714275 10.0 1951
1760478714424 10.0 1952
1760478714553 10.0 1953
1760478714692 10.0 1954
1760478714821 10.0 1955
1760478714954 10.0 1956
1760478715090 10.0 1957
1760478715225 10.0 1958
1760478715364 10.0 1959
1760478759713 10.0 1960
1760478759856 10.0 1961
1760478759988 10.0 1962
1760478760122 10.0 1963
1760478760269 10.0 1964
1760478760540 10.0 1965
1760478760671 10.0 1966
1760478760846 10.0 1967
1760478761148 10.0 1968
1760478761290 10.0 1969
1760478761499 10.0 1970
1760478761634 10.0 1971
1760478761767 10.0 1972
1760478761908 10.0 1973
1760478762035 10.0 1974
1760478762174 10.0 1975
1760478804851 10.0 1976
1760478805032 10.0 1977
1760478805158 10.0 1978
1760478805287 10.0 1979
1760478805427 10.0 1980
1760478805563 10.0 1981
1760478805697 10.0 1982
1760478805823 10.0 1983
1760478806108 10.0 1984
1760478806243 10.0 1985
1760478806383 10.0 1986
1760478806543 10.0 1987
1760478806687 10.0 1988
1760478806821 10.0 1989
1760478806980 10.0 1990
1760478807114 10.0 1991
1760478850369 10.0 1992
1760478850546 10.0 1993
1760478850673 10.0 1994
1760478850807 10.0 1995
1760478850945 10.0 1996
1760478851093 10.0 1997
1760478851224 10.0 1998
1760478851352 10.0 1999
1760478852547 10.0 2000
1760478852690 10.0 2001
1760478852872 10.0 2002
1760478853012 10.0 2003
1760478853153 10.0 2004
1760478853293 10.0 2005
1760478853422 10.0 2006
1760478853557 10.0 2007
1760478897263 10.0 2008
1760478898051 10.0 2009
1760478898245 10.0 2010
1760478898380 10.0 2011
1760478898518 10.0 2012
1760478898697 10.0 2013
1760478898827 10.0 2014
1760478898970 10.0 2015
1760478900331 10.0 2016
1760478900472 10.0 2017
1760478900609 10.0 2018
1760478900739 10.0 2019
1760478900873 10.0 2020
1760478901035 10.0 2021
1760478901166 10.0 2022
1760478901345 10.0 2023
1760478943662 10.0 2024
1760478945155 10.0 2025
1760478945286 10.0 2026
1760478945427 10.0 2027
1760478945582 10.0 2028
1760478945726 10.0 2029
1760478945859 10.0 2030
1760478946027 10.0 2031
1760478946974 10.0 2032
1760478947103 10.0 2033
1760478947249 10.0 2034
1760478947377 10.0 2035
1760478947513 10.0 2036
1760478947652 10.0 2037
1760478947782 10.0 2038
1760478947911 10.0 2039
1760478991205 10.0 2040
1760478993456 10.0 2041
1760478993584 10.0 2042
1760478993715 10.0 2043
1760478993855 10.0 2044
1760478993988 10.0 2045
1760478994124 10.0 2046
1760478994252 10.0 2047
1760478994439 10.0 2048
1760478994564 10.0 2049
1760478994747 10.0 2050
1760478994874 10.0 2051
1760478995010 10.0 2052
1760478995136 10.0 2053
1760478995285 10.0 2054
1760478995419 10.0 2055
1760479027979 10.0 2056
1760479029766 10.0 2057
1760479029899 10.0 2058
1760479030027 10.0 2059
1760479030165 10.0 2060
1760479030303 10.0 2061
1760479030434 10.0 2062
1760479030563 10.0 2063
1760479030695 10.0 2064
1760479030829 10.0 2065
1760479030966 10.0 2066
1760479030985 10.0 2067
1760479116062 10.0 2067
1760479164265 11.0 2068
1760479164402 11.0 2069
1760479164683 11.0 2070
1760479164816 11.0 2071
1760479164968 11.0 2072
1760479165100 11.0 2073
1760479165240 11.0 2074
1760479165375 11.0 2075
1760479165507 11.0 2076
1760479165640 11.0 2077
1760479165773 11.0 2078
1760479165908 11.0 2079
1760479166039 11.0 2080
1760479166169 11.0 2081
1760479166306 11.0 2082
1760479166438 11.0 2083
1760479212833 11.0 2084
1760479212969 11.0 2085
1760479213102 11.0 2086
1760479213229 11.0 2087
1760479213367 11.0 2088
1760479213502 11.0 2089
1760479213634 11.0 2090
1760479213766 11.0 2091
1760479213906 11.0 2092
1760479214048 11.0 2093
1760479214188 11.0 2094
1760479214318 11.0 2095
1760479214449 11.0 2096
1760479214580 11.0 2097
1760479214711 11.0 2098
1760479214850 11.0 2099
1760479261831 11.0 2100
1760479261965 11.0 2101
1760479262117 11.0 2102
1760479262577 11.0 2103
1760479262703 11.0 2104
1760479262906 11.0 2105
1760479263043 11.0 2106
1760479263180 11.0 2107
1760479263375 11.0 2108
1760479263511 11.0 2109
1760479263648 11.0 2110
1760479263778 11.0 2111
1760479263910 11.0 2112
1760479264046 11.0 2113
1760479264186 11.0 2114
1760479264320 11.0 2115
1760479307340 11.0 2116
1760479307475 11.0 2117
1760479307646 11.0 2118
1760479308150 11.0 2119
1760479308283 11.0 2120
1760479308414 11.0 2121
1760479308555 11.0 2122
1760479308687 11.0 2123
1760479308824 11.0 2124
1760479308959 11.0 2125
1760479309093 11.0 2126
1760479309227 11.0 2127
1760479309358 11.0 2128
1760479309492 11.0 2129
1760479309623 11.0 2130
1760479309800 11.0 2131
1760479354570 11.0 2132
1760479354713 11.0 2133
1760479354846 11.0 2134
1760479354992 11.0 2135
1760479355129 11.0 2136
1760479355312 11.0 2137
1760479355456 11.0 2138
1760479355588 11.0 2139
1760479355738 11.0 2140
1760479355868 11.0 2141
1760479355996 11.0 2142
1760479356123 11.0 2143
1760479356310 11.0 2144
1760479356443 11.0 2145
1760479356587 11.0 2146
1760479356756 11.0 2147
1760479400932 11.0 2148
1760479402365 11.0 2149
1760479402505 11.0 2150
1760479402643 11.0 2151
1760479402833 11.0 2152
1760479402960 11.0 2153
1760479403106 11.0 2154
1760479403239 11.0 2155
1760479403417 11.0 2156
1760479403596 11.0 2157
1760479403732 11.0 2158
1760479403864 11.0 2159
1760479403993 11.0 2160
1760479404131 11.0 2161
1760479404264 11.0 2162
1760479404398 11.0 2163
1760479447771 11.0 2164
1760479448869 11.0 2165
1760479449002 11.0 2166
1760479449131 11.0 2167
1760479449264 11.0 2168
1760479449397 11.0 2169
1760479449535 11.0 2170
1760479449673 11.0 2171
1760479449808 11.0 2172
1760479449938 11.0 2173
1760479450071 11.0 2174
1760479450199 11.0 2175
1760479450328 11.0 2176
1760479450461 11.0 2177
1760479450587 11.0 2178
1760479450715 11.0 2179
1760479495745 11.0 2180
1760479497518 11.0 2181
1760479497654 11.0 2182
1760479497785 11.0 2183
1760479497920 11.0 2184
1760479498052 11.0 2185
1760479498187 11.0 2186
1760479498321 11.0 2187
1760479498459 11.0 2188
1760479498594 11.0 2189
1760479498735 11.0 2190
1760479498865 11.0 2191
1760479498989 11.0 2192
1760479499125 11.0 2193
1760479499270 11.0 2194
1760479499491 11.0 2195
1760479541020 11.0 2196
1760479542641 11.0 2197
1760479542768 11.0 2198
1760479542904 11.0 2199
1760479543035 11.0 2200
1760479543171 11.0 2201
1760479543364 11.0 2202
1760479543545 11.0 2203
1760479543677 11.0 2204
1760479543810 11.0 2205
1760479543937 11.0 2206
1760479544073 11.0 2207
1760479544199 11.0 2208
1760479544334 11.0 2209
1760479544482 11.0 2210
1760479544623 11.0 2211
1760479584991 11.0 2212
1760479586702 11.0 2213
1760479586830 11.0 2214
1760479586956 11.0 2215
1760479587132 11.0 2216
1760479587264 11.0 2217
1760479587400 11.0 2218
1760479587549 11.0 2219
1760479587680 11.0 2220
1760479587814 11.0 2221
1760479587945 11.0 2222
1760479588082 11.0 2223
1760479588207 11.0 2224
1760479588387 11.0 2225
1760479588519 11.0 2226
1760479588649 11.0 2227
1760479632239 11.0 2228
1760479633271 11.0 2229
1760479633406 11.0 2230
1760479633531 11.0 2231
1760479633666 11.0 2232
1760479633798 11.0 2233
1760479633946 11.0 2234
1760479634080 11.0 2235
1760479634213 11.0 2236
1760479634348 11.0 2237
1760479634524 11.0 2238
1760479634650 11.0 2239
1760479634778 11.0 2240
1760479634915 11.0 2241
1760479635044 11.0 2242
1760479635175 11.0 2243
1760479669297 11.0 2244
1760479670724 11.0 2245
1760479670850 11.0 2246
1760479670984 11.0 2247
1760479671115 11.0 2248
1760479671245 11.0 2249
1760479671380 11.0 2250
1760479671510 11.0 2251
1760479671640 11.0 2252
1760479671770 11.0 2253
1760479671897 11.0 2254
1760479671915 11.0 2255
1760479753336 11.0 2255
1760479800354 12.0 2256
1760479800497 12.0 2257
1760479800632 12.0 2258
1760479800831 12.0 2259
1760479800972 12.0 2260
1760479801103 12.0 2261
1760479801281 12.0 2262
1760479801416 12.0 2263
1760479801548 12.0 2264
1760479801696 12.0 2265
1760479801927 12.0 2266
1760479802059 12.0 2267
1760479802191 12.0 2268
1760479802323 12.0 2269
1760479802466 12.0 2270
1760479802595 12.0 2271
1760479845447 12.0 2272
1760479845598 12.0 2273
1760479845733 12.0 2274
1760479845872 12.0 2275
1760479846002 12.0 2276
1760479846136 12.0 2277
1760479846272 12.0 2278
1760479846405 12.0 2279
1760479846537 12.0 2280
1760479846672 12.0 2281
1760479846804 12.0 2282
1760479846937 12.0 2283
1760479847070 12.0 2284
1760479847209 12.0 2285
1760479847386 12.0 2286
1760479847564 12.0 2287
1760479890104 12.0 2288
1760479890461 12.0 2289
1760479891397 12.0 2290
1760479891531 12.0 2291
1760479891664 12.0 2292
1760479891813 12.0 2293
1760479891946 12.0 2294
1760479892076 12.0 2295
1760479892210 12.0 2296
1760479892345 12.0 2297
1760479892477 12.0 2298
1760479892610 12.0 2299
1760479892742 12.0 2300
1760479892872 12.0 2301
1760479893007 12.0 2302
1760479893190 12.0 2303
1760479938631 12.0 2304
1760479939198 12.0 2305
1760479940020 12.0 2306
1760479940180 12.0 2307
1760479940318 12.0 2308
1760479940460 12.0 2309
1760479940600 12.0 2310
1760479940731 12.0 2311
1760479940872 12.0 2312
1760479941044 12.0 2313
1760479941256 12.0 2314
1760479941387 12.0 2315
1760479941519 12.0 2316
1760479941654 12.0 2317
1760479941838 12.0 2318
1760479941967 12.0 2319
1760479984116 12.0 2320
1760479984742 12.0 2321
1760479986546 12.0 2322
1760479986677 12.0 2323
1760479986810 12.0 2324
1760479986966 12.0 2325
1760479987121 12.0 2326
1760479987252 12.0 2327
1760479987406 12.0 2328
1760479987538 12.0 2329
1760479987673 12.0 2330
1760479987805 12.0 2331
1760479987933 12.0 2332
1760479988064 12.0 2333
1760479988193 12.0 2334
1760479988333 12.0 2335
1760480031294 12.0 2336
1760480031771 12.0 2337
1760480033601 12.0 2338
1760480033740 12.0 2339
1760480033870 12.0 2340
1760480034320 12.0 2341
1760480034452 12.0 2342
1760480034593 12.0 2343
1760480034733 12.0 2344
1760480034863 12.0 2345
1760480035027 12.0 2346
1760480035160 12.0 2347
1760480035291 12.0 2348
1760480035424 12.0 2349
1760480035557 12.0 2350
1760480035697 12.0 2351
1760480076897 12.0 2352
1760480077475 12.0 2353
1760480079147 12.0 2354
1760480079945 12.0 2355
1760480080078 12.0 2356
1760480080516 12.0 2357
1760480080649 12.0 2358
1760480080786 12.0 2359
1760480080922 12.0 2360
1760480081056 12.0 2361
1760480081185 12.0 2362
1760480081368 12.0 2363
1760480081502 12.0 2364
1760480081635 12.0 2365
1760480081768 12.0 2366
1760480081907 12.0 2367
1760480125047 12.0 2368
1760480125788 12.0 2369
1760480127196 12.0 2370
1760480127648 12.0 2371
1760480127909 12.0 2372
1760480128338 12.0 2373
1760480128484 12.0 2374
1760480128633 12.0 2375
1760480128766 12.0 2376
1760480128900 12.0 2377
1760480129031 12.0 2378
1760480129164 12.0 2379
1760480129302 12.0 2380
1760480129435 12.0 2381
1760480129569 12.0 2382
1760480129704 12.0 2383
1760480172201 12.0 2384
1760480172545 12.0 2385
1760480174050 12.0 2386
1760480174697 12.0 2387
1760480175825 12.0 2388
1760480175957 12.0 2389
1760480176095 12.0 2390
1760480176235 12.0 2391
1760480176421 12.0 2392
1760480176604 12.0 2393
1760480176752 12.0 2394
1760480176885 12.0 2395
1760480177023 12.0 2396
1760480177155 12.0 2397
1760480177293 12.0 2398
1760480177434 12.0 2399
1760480219005 12.0 2400
1760480219407 12.0 2401
1760480221002 12.0 2402
1760480221496 12.0 2403
1760480223092 12.0 2404
1760480223226 12.0 2405
1760480223407 12.0 2406
1760480223558 12.0 2407
1760480223698 12.0 2408
1760480223856 12.0 2409
1760480223987 12.0 2410
1760480224122 12.0 2411
1760480224270 12.0 2412
1760480224413 12.0 2413
1760480224592 12.0 2414
1760480224728 12.0 2415
1760480265024 12.0 2416
1760480265154 12.0 2417
1760480266922 12.0 2418
1760480267814 12.0 2419
1760480268960 12.0 2420
1760480269136 12.0 2421
1760480269270 12.0 2422
1760480269648 12.0 2423
1760480269785 12.0 2424
1760480269912 12.0 2425
1760480270040 12.0 2426
1760480270174 12.0 2427
1760480270305 12.0 2428
1760480270443 12.0 2429
1760480270578 12.0 2430
1760480270709 12.0 2431
1760480301790 12.0 2432
1760480301924 12.0 2433
1760480303417 12.0 2434
1760480304163 12.0 2435
1760480304615 12.0 2436
1760480304748 12.0 2437
1760480304878 12.0 2438
1760480305005 12.0 2439
1760480305141 12.0 2440
1760480305270 12.0 2441
1760480305407 12.0 2442
1760480305425 12.0 2443
1760480389120 12.0 2443
1760480437810 13.0 2444
1760480438047 13.0 2445
1760480438187 13.0 2446
1760480438318 13.0 2447
1760480438523 13.0 2448
1760480438654 13.0 2449
1760480438786 13.0 2450
1760480438922 13.0 2451
1760480439090 13.0 2452
1760480439220 13.0 2453
1760480439350 13.0 2454
1760480439487 13.0 2455
1760480439668 13.0 2456
1760480439800 13.0 2457
1760480439932 13.0 2458
1760480440105 13.0 2459
1760480485016 13.0 2460
1760480485256 13.0 2461
1760480485412 13.0 2462
1760480485546 13.0 2463
1760480485768 13.0 2464
1760480485991 13.0 2465
1760480486125 13.0 2466
1760480486265 13.0 2467
1760480486431 13.0 2468
1760480486561 13.0 2469
1760480486694 13.0 2470
1760480486833 13.0 2471
1760480486990 13.0 2472
1760480487124 13.0 2473
1760480487302 13.0 2474
1760480487437 13.0 2475
1760480533139 13.0 2476
1760480534073 13.0 2477
1760480534254 13.0 2478
1760480534577 13.0 2479
1760480534715 13.0 2480
1760480534862 13.0 2481
1760480535041 13.0 2482
1760480535179 13.0 2483
1760480535314 13.0 2484
1760480535444 13.0 2485
1760480535590 13.0 2486
1760480535728 13.0 2487
1760480535899 13.0 2488
1760480536028 13.0 2489
1760480536201 13.0 2490
1760480536340 13.0 2491
1760480583432 13.0 2492
1760480585413 13.0 2493
1760480585546 13.0 2494
1760480585676 13.0 2495
1760480585808 13.0 2496
1760480586026 13.0 2497
1760480586167 13.0 2498
1760480586300 13.0 2499
1760480586435 13.0 2500
1760480586568 13.0 2501
1760480586704 13.0 2502
1760480586834 13.0 2503
1760480587024 13.0 2504
1760480587156 13.0 2505
1760480587301 13.0 2506
1760480587443 13.0 2507
1760480631250 13.0 2508
1760480633809 13.0 2509
1760480633942 13.0 2510
1760480634072 13.0 2511
1760480634284 13.0 2512
1760480634418 13.0 2513
1760480634551 13.0 2514
1760480634777 13.0 2515
1760480634918 13.0 2516
1760480635048 13.0 2517
1760480635235 13.0 2518
1760480635372 13.0 2519
1760480635517 13.0 2520
1760480635647 13.0 2521
1760480635776 13.0 2522
1760480635916 13.0 2523
1760480679101 13.0 2524
1760480681843 13.0 2525
1760480681983 13.0 2526
1760480682133 13.0 2527
1760480682265 13.0 2528
1760480682419 13.0 2529
1760480682557 13.0 2530
1760480682693 13.0 2531
1760480682848 13.0 2532
1760480683041 13.0 2533
1760480683187 13.0 2534
1760480683321 13.0 2535
1760480683451 13.0 2536
1760480683587 13.0 2537
1760480683718 13.0 2538
1760480683875 13.0 2539
1760480726252 13.0 2540
1760480728964 13.0 2541
1760480729118 13.0 2542
1760480729252 13.0 2543
1760480729388 13.0 2544
1760480729898 13.0 2545
1760480730031 13.0 2546
1760480730165 13.0 2547
1760480730358 13.0 2548
1760480730492 13.0 2549
1760480730637 13.0 2550
1760480730763 13.0 2551
1760480730972 13.0 2552
1760480731104 13.0 2553
1760480731242 13.0 2554
1760480731390 13.0 2555
1760480772949 13.0 2556
1760480775732 13.0 2557
1760480775960 13.0 2558
1760480776095 13.0 2559
1760480776230 13.0 2560
1760480776880 13.0 2561
1760480777016 13.0 2562
1760480777152 13.0 2563
1760480777278 13.0 2564
1760480777410 13.0 2565
1760480777562 13.0 2566
1760480777691 13.0 2567
1760480777831 13.0 2568
1760480777961 13.0 2569
1760480778091 13.0 2570
1760480778236 13.0 2571
1760480821549 13.0 2572
1760480824992 13.0 2573
1760480825507 13.0 2574
1760480825636 13.0 2575
1760480825770 13.0 2576
1760480826605 13.0 2577
1760480826752 13.0 2578
1760480826886 13.0 2579
1760480827016 13.0 2580
1760480827142 13.0 2581
1760480827360 13.0 2582
1760480827497 13.0 2583
1760480827629 13.0 2584
1760480827764 13.0 2585
1760480827949 13.0 2586
1760480828090 13.0 2587
1760480868682 13.0 2588
1760480873244 13.0 2589
1760480873381 13.0 2590
1760480873513 13.0 2591
1760480873652 13.0 2592
1760480874182 13.0 2593
1760480874319 13.0 2594
1760480874457 13.0 2595
1760480874614 13.0 2596
1760480874748 13.0 2597
1760480874884 13.0 2598
1760480875018 13.0 2599
1760480875148 13.0 2600
1760480875278 13.0 2601
1760480875408 13.0 2602
1760480875547 13.0 2603
1760480915767 13.0 2604
1760480919842 13.0 2605
1760480920030 13.0 2606
1760480920160 13.0 2607
1760480920294 13.0 2608
1760480920702 13.0 2609
1760480920848 13.0 2610
1760480920980 13.0 2611
1760480921112 13.0 2612
1760480921246 13.0 2613
1760480921374 13.0 2614
1760480921513 13.0 2615
1760480921641 13.0 2616
1760480921772 13.0 2617
1760480921905 13.0 2618
1760480922047 13.0 2619
1760480954964 13.0 2620
1760480958150 13.0 2621
1760480958285 13.0 2622
1760480958413 13.0 2623
1760480958549 13.0 2624
1760480958686 13.0 2625
1760480958819 13.0 2626
1760480958956 13.0 2627
1760480959084 13.0 2628
1760480959220 13.0 2629
1760480959348 13.0 2630
1760480959367 13.0 2631
1760481042404 13.0 2631
1760481090719 14.0 2632
1760481090852 14.0 2633
1760481091014 14.0 2634
1760481091146 14.0 2635
1760481091282 14.0 2636
1760481091422 14.0 2637
1760481091644 14.0 2638
1760481091776 14.0 2639
1760481091911 14.0 2640
1760481092044 14.0 2641
1760481092176 14.0 2642
1760481092307 14.0 2643
1760481092436 14.0 2644
1760481092568 14.0 2645
1760481092699 14.0 2646
1760481092831 14.0 2647
1760481138048 14.0 2648
1760481138252 14.0 2649
1760481138385 14.0 2650
1760481138624 14.0 2651
1760481138833 14.0 2652
1760481139070 14.0 2653
1760481139203 14.0 2654
1760481139347 14.0 2655
1760481139486 14.0 2656
1760481139627 14.0 2657
1760481139756 14.0 2658
1760481139894 14.0 2659
1760481140029 14.0 2660
1760481140168 14.0 2661
1760481140349 14.0 2662
1760481140486 14.0 2663
1760481184957 14.0 2664
1760481185335 14.0 2665
1760481185469 14.0 2666
1760481185605 14.0 2667
1760481185737 14.0 2668
1760481185870 14.0 2669
1760481186020 14.0 2670
1760481186217 14.0 2671
1760481186349 14.0 2672
1760481186477 14.0 2673
1760481186603 14.0 2674
1760481186744 14.0 2675
1760481186881 14.0 2676
1760481187040 14.0 2677
1760481187172 14.0 2678
1760481187308 14.0 2679
1760481230766 14.0 2680
1760481231021 14.0 2681
1760481231156 14.0 2682
1760481231282 14.0 2683
1760481231478 14.0 2684
1760481231610 14.0 2685
1760481231742 14.0 2686
1760481231897 14.0 2687
1760481232027 14.0 2688
1760481232155 14.0 2689
1760481232280 14.0 2690
1760481232411 14.0 2691
1760481232551 14.0 2692
1760481232688 14.0 2693
1760481232826 14.0 2694
1760481232962 14.0 2695
1760481278146 14.0 2696
1760481278561 14.0 2697
1760481278698 14.0 2698
1760481278829 14.0 2699
1760481278968 14.0 2700
1760481279101 14.0 2701
1760481279240 14.0 2702
1760481279382 14.0 2703
1760481279514 14.0 2704
1760481279640 14.0 2705
1760481279768 14.0 2706
1760481279906 14.0 2707
1760481280049 14.0 2708
1760481280175 14.0 2709
1760481280311 14.0 2710
1760481280457 14.0 2711
1760481324872 14.0 2712
1760481325065 14.0 2713
1760481325199 14.0 2714
1760481325327 14.0 2715
1760481325459 14.0 2716
1760481325609 14.0 2717
1760481325747 14.0 2718
1760481325884 14.0 2719
1760481326011 14.0 2720
1760481326138 14.0 2721
1760481326294 14.0 2722
1760481326468 14.0 2723
1760481326670 14.0 2724
1760481326804 14.0 2725
1760481326936 14.0 2726
1760481327071 14.0 2727
1760481374488 14.0 2728
1760481374630 14.0 2729
1760481374766 14.0 2730
1760481374897 14.0 2731
1760481375071 14.0 2732
1760481375292 14.0 2733
1760481375803 14.0 2734
1760481375939 14.0 2735
1760481376076 14.0 2736
1760481376202 14.0 2737
1760481376332 14.0 2738
1760481376462 14.0 2739
1760481376597 14.0 2740
1760481376753 14.0 2741
1760481376889 14.0 2742
1760481377023 14.0 2743
1760481419844 14.0 2744
1760481419986 14.0 2745
1760481420121 14.0 2746
1760481420247 14.0 2747
1760481420385 14.0 2748
1760481420514 14.0 2749
1760481421530 14.0 2750
1760481421666 14.0 2751
1760481421795 14.0 2752
1760481421928 14.0 2753
1760481422055 14.0 2754
1760481422187 14.0 2755
1760481422319 14.0 2756
1760481422457 14.0 2757
1760481422589 14.0 2758
1760481422729 14.0 2759
1760481467146 14.0 2760
1760481467280 14.0 2761
1760481467462 14.0 2762
1760481467596 14.0 2763
1760481467806 14.0 2764
1760481467949 14.0 2765
1760481469484 14.0 2766
1760481469685 14.0 2767
1760481469816 14.0 2768
1760481469956 14.0 2769
1760481470086 14.0 2770
1760481470218 14.0 2771
1760481470343 14.0 2772
1760481470483 14.0 2773
1760481470612 14.0 2774
1760481470746 14.0 2775
1760481516816 14.0 2776
1760481516947 14.0 2777
1760481517146 14.0 2778
1760481517278 14.0 2779
1760481517421 14.0 2780
1760481518344 14.0 2781
1760481519240 14.0 2782
1760481519375 14.0 2783
1760481519509 14.0 2784
1760481519638 14.0 2785
1760481519825 14.0 2786
1760481519961 14.0 2787
1760481520201 14.0 2788
1760481520366 14.0 2789
1760481520504 14.0 2790
1760481520640 14.0 2791
1760481563329 14.0 2792
1760481563470 14.0 2793
1760481563605 14.0 2794
1760481563769 14.0 2795
1760481564276 14.0 2796
1760481565222 14.0 2797
1760481565504 14.0 2798
1760481565637 14.0 2799
1760481565775 14.0 2800
1760481565911 14.0 2801
1760481566044 14.0 2802
1760481566179 14.0 2803
1760481566305 14.0 2804
1760481566433 14.0 2805
1760481566605 14.0 2806
1760481566731 14.0 2807
1760481601723 14.0 2808
1760481602030 14.0 2809
1760481602171 14.0 2810
1760481602302 14.0 2811
1760481602443 14.0 2812
1760481602685 14.0 2813
1760481602822 14.0 2814
1760481602960 14.0 2815
1760481603088 14.0 2816
1760481603215 14.0 2817
1760481603344 14.0 2818
1760481603362 14.0 2819
1760481688618 14.0 2819
1760481735507 15.0 2820
1760481736224 15.0 2821
1760481736368 15.0 2822
1760481736506 15.0 2823
1760481736638 15.0 2824
1760481736775 15.0 2825
1760481736912 15.0 2826
1760481737047 15.0 2827
1760481737187 15.0 2828
1760481737322 15.0 2829
1760481737464 15.0 2830
1760481737602 15.0 2831
1760481737748 15.0 2832
1760481737891 15.0 2833
1760481738022 15.0 2834
1760481738161 15.0 2835
1760481783555 15.0 2836
1760481784015 15.0 2837
1760481784632 15.0 2838
1760481784766 15.0 2839
1760481784949 15.0 2840
1760481785081 15.0 2841
1760481785235 15.0 2842
1760481785368 15.0 2843
1760481785543 15.0 2844
1760481785675 15.0 2845
1760481785807 15.0 2846
1760481785944 15.0 2847
1760481786086 15.0 2848
1760481786275 15.0 2849
1760481786412 15.0 2850
1760481786545 15.0 2851
1760481832242 15.0 2852
1760481832504 15.0 2853
1760481833887 15.0 2854
1760481834024 15.0 2855
1760481834161 15.0 2856
1760481834296 15.0 2857
1760481834425 15.0 2858
1760481834557 15.0 2859
1760481834689 15.0 2860
1760481834819 15.0 2861
1760481834963 15.0 2862
1760481835098 15.0 2863
1760481835234 15.0 2864
1760481835369 15.0 2865
1760481835505 15.0 2866
1760481835645 15.0 2867
