1760455535884 0.0 0
1760455536185 0.0 1
1760455536454 0.0 2
1760455536974 0.0 3
1760455537122 0.0 4
1760455537271 0.0 5
1760455537421 0.0 6
1760455537569 0.0 7
1760455537718 0.0 8
1760455537913 0.0 9
1760455538063 0.0 10
1760455538214 0.0 11
1760455538363 0.0 12
1760455538513 0.0 13
1760455538663 0.0 14
1760455538814 0.0 15
1760455694202 0.0 16
1760455695408 0.0 17
1760455695577 0.0 18
1760455695978 0.0 19
1760455696135 0.0 20
1760455696286 0.0 21
1760455696436 0.0 22
1760455696587 0.0 23
1760455696736 0.0 24
1760455696884 0.0 25
1760455697035 0.0 26
1760455697187 0.0 27
1760455697338 0.0 28
1760455697489 0.0 29
1760455697641 0.0 30
1760455697789 0.0 31
1760455845196 0.0 32
1760455845388 0.0 33
1760455845557 0.0 34
1760455845723 0.0 35
1760455845883 0.0 36
1760455846041 0.0 37
1760455846192 0.0 38
1760455846342 0.0 39
1760455846490 0.0 40
1760455846638 0.0 41
1760455846787 0.0 42
1760455846937 0.0 43
1760455847088 0.0 44
1760455847239 0.0 45
1760455847355 0.0 46
1760455928619 0.0 46
1760456090527 1.0 47
1760456090846 1.0 48
1760456090996 1.0 49
1760456091183 1.0 50
1760456091468 1.0 51
1760456091632 1.0 52
1760456091784 1.0 53
1760456091938 1.0 54
1760456092086 1.0 55
1760456092236 1.0 56
1760456092387 1.0 57
1760456092538 1.0 58
1760456092688 1.0 59
1760456092842 1.0 60
1760456092995 1.0 61
1760456093192 1.0 62
1760456269445 1.0 63
1760456270917 1.0 64
1760456271086 1.0 65
1760456271237 1.0 66
1760456271390 1.0 67
1760456271555 1.0 68
1760456271714 1.0 69
1760456271868 1.0 70
1760456272016 1.0 71
1760456272168 1.0 72
1760456272329 1.0 73
1760456272487 1.0 74
1760456272643 1.0 75
1760456272793 1.0 76
1760456272948 1.0 77
1760456273099 1.0 78
1760456437341 1.0 79
1760456437526 1.0 80
1760456437678 1.0 81
1760456437830 1.0 82
1760456437989 1.0 83
1760456438143 1.0 84
1760456438307 1.0 85
1760456438475 1.0 86
1760456438636 1.0 87
1760456438792 1.0 88
1760456438944 1.0 89
1760456439109 1.0 90
1760456439268 1.0 91
1760456439425 1.0 92
1760456439547 1.0 93
1760456522581 1.0 93
1760456695053 2.0 94
1760456695262 2.0 95
1760456695412 2.0 96
1760456695562 2.0 97
1760456695718 2.0 98
1760456695870 2.0 99
1760456696039 2.0 100
1760456696193 2.0 101
1760456696404 2.0 102
1760456696553 2.0 103
1760456696706 2.0 104
1760456696857 2.0 105
1760456697005 2.0 106
1760456697154 2.0 107
1760456697304 2.0 108
1760456697455 2.0 109
1760456861977 2.0 110
1760456862135 2.0 111
1760456862286 2.0 112
1760456862436 2.0 113
1760456862591 2.0 114
1760456862740 2.0 115
1760456862906 2.0 116
1760456863061 2.0 117
1760456863211 2.0 118
1760456863364 2.0 119
1760456863515 2.0 120
1760456863667 2.0 121
1760456863819 2.0 122
1760456863970 2.0 123
1760456864121 2.0 124
1760456864272 2.0 125
1760457014163 2.0 126
1760457014346 2.0 127
1760457014496 2.0 128
1760457014649 2.0 129
1760457014800 2.0 130
1760457014954 2.0 131
1760457015104 2.0 132
1760457015257 2.0 133
1760457015407 2.0 134
1760457015561 2.0 135
1760457015711 2.0 136
1760457015861 2.0 137
1760457016010 2.0 138
1760457016159 2.0 139
1760457016273 2.0 140
1760457094754 2.0 140
1760457260768 3.0 141
1760457261171 3.0 142
1760457261514 3.0 143
1760457262072 3.0 144
1760457262231 3.0 145
1760457262382 3.0 146
1760457262533 3.0 147
1760457262685 3.0 148
1760457262835 3.0 149
1760457262991 3.0 150
1760457263142 3.0 151
1760457263294 3.0 152
1760457263444 3.0 153
1760457263594 3.0 154
1760457263756 3.0 155
1760457263905 3.0 156
1760457419930 3.0 157
1760457420103 3.0 158
1760457420257 3.0 159
1760457420581 3.0 160
1760457420865 3.0 161
1760457421019 3.0 162
1760457421171 3.0 163
1760457421324 3.0 164
1760457421477 3.0 165
1760457421629 3.0 166
1760457421779 3.0 167
1760457421930 3.0 168
1760457422082 3.0 169
1760457422237 3.0 170
1760457422390 3.0 171
1760457422540 3.0 172
1760457561277 3.0 173
1760457561446 3.0 174
1760457561598 3.0 175
1760457561752 3.0 176
1760457561903 3.0 177
1760457562053 3.0 178
1760457562205 3.0 179
1760457562354 3.0 180
1760457562509 3.0 181
1760457562657 3.0 182
1760457562811 3.0 183
1760457562961 3.0 184
1760457563110 3.0 185
1760457563260 3.0 186
1760457563380 3.0 187
1760457637428 3.0 187
1760457808941 4.0 188
1760457809738 4.0 189
1760457810064 4.0 190
1760457810220 4.0 191
1760457810372 4.0 192
1760457810523 4.0 193
1760457810674 4.0 194
1760457810827 4.0 195
1760457810978 4.0 196
1760457811131 4.0 197
1760457811282 4.0 198
1760457811435 4.0 199
1760457811586 4.0 200
1760457811744 4.0 201
1760457811896 4.0 202
1760457812045 4.0 203
1760457963677 4.0 204
1760457963894 4.0 205
1760457964076 4.0 206
1760457964237 4.0 207
1760457964395 4.0 208
1760457964590 4.0 209
1760457964743 4.0 210
1760457965154 4.0 211
1760457965313 4.0 212
1760457965473 4.0 213
1760457965625 4.0 214
1760457965786 4.0 215
1760457965946 4.0 216
1760457966114 4.0 217
1760457966283 4.0 218
1760457966447 4.0 219
1760458105999 4.0 220
1760458106166 4.0 221
1760458106321 4.0 222
1760458106477 4.0 223
1760458106627 4.0 224
1760458106784 4.0 225
1760458106934 4.0 226
1760458107084 4.0 227
1760458107235 4.0 228
1760458107387 4.0 229
1760458107538 4.0 230
1760458107687 4.0 231
1760458107841 4.0 232
1760458107994 4.0 233
1760458108113 4.0 234
1760458183575 4.0 234
1760458342073 5.0 235
1760458342235 5.0 236
1760458342450 5.0 237
1760458342600 5.0 238
1760458342751 5.0 239
1760458342904 5.0 240
1760458343055 5.0 241
1760458343318 5.0 242
1760458343472 5.0 243
1760458343623 5.0 244
1760458343774 5.0 245
1760458343924 5.0 246
1760458344076 5.0 247
1760458344227 5.0 248
1760458344380 5.0 249
1760458344531 5.0 250
1760458489310 5.0 251
1760458489604 5.0 252
1760458489774 5.0 253
1760458489925 5.0 254
1760458490075 5.0 255
1760458490285 5.0 256
1760458490438 5.0 257
1760458490588 5.0 258
1760458490756 5.0 259
1760458490908 5.0 260
1760458491061 5.0 261
1760458491216 5.0 262
1760458491368 5.0 263
1760458491523 5.0 264
1760458491675 5.0 265
1760458491832 5.0 266
1760458623466 5.0 267
1760458623638 5.0 268
1760458623792 5.0 269
1760458623942 5.0 270
1760458624100 5.0 271
1760458624251 5.0 272
1760458624403 5.0 273
1760458624556 5.0 274
1760458624708 5.0 275
1760458624869 5.0 276
1760458625021 5.0 277
1760458625178 5.0 278
1760458625330 5.0 279
1760458625485 5.0 280
1760458625600 5.0 281
1760458697383 5.0 281
1760458841401 6.0 282
1760458841977 6.0 283
1760458842385 6.0 284
1760458842834 6.0 285
1760458843026 6.0 286
1760458843181 6.0 287
1760458843410 6.0 288
1760458843588 6.0 289
1760458843745 6.0 290
1760458843903 6.0 291
1760458844058 6.0 292
1760458844218 6.0 293
1760458844373 6.0 294
1760458844529 6.0 295
1760458844691 6.0 296
1760458844847 6.0 297
1760458978120 6.0 298
1760458978332 6.0 299
1760458978635 6.0 300
1760458978787 6.0 301
1760458978938 6.0 302
1760458979090 6.0 303
1760458979247 6.0 304
1760458979407 6.0 305
1760458979560 6.0 306
1760458979712 6.0 307
1760458979867 6.0 308
1760458980017 6.0 309
1760458980177 6.0 310
1760458980330 6.0 311
1760458980507 6.0 312
1760458980660 6.0 313
1760459116416 6.0 314
1760459116586 6.0 315
1760459116739 6.0 316
1760459116890 6.0 317
1760459117040 6.0 318
1760459117190 6.0 319
1760459117340 6.0 320
1760459117490 6.0 321
1760459117640 6.0 322
1760459117790 6.0 323
1760459117941 6.0 324
1760459118091 6.0 325
1760459118248 6.0 326
1760459118398 6.0 327
1760459118514 6.0 328
1760459188410 6.0 328
