1760455535884 1.015798302785428 0
1760455536185 0.9989661994154574 1
1760455536454 0.9820406450477113 2
1760455536974 0.9658869770591338 3
1760455537122 0.9500344886101652 4
1760455537271 0.9355400847157488 5
1760455537421 0.9215530292641291 6
1760455537569 0.9094950787285414 7
1760455537718 0.8978817664751435 8
1760455537913 0.8876329922659716 9
1760455538063 0.8780259830872994 10
1760455538214 0.8682265408437202 11
1760455538363 0.8601546777885337 12
1760455538513 0.8512324267774044 13
1760455538663 0.8429341587129315 14
1760455538814 0.8354404058772107 15
1760455694202 0.8270998996295765 16
1760455695408 0.8162126247325201 17
1760455695577 0.809073890111881 18
1760455695978 0.8014097523348525 19
1760455696135 0.7944606453453373 20
1760455696286 0.7854410509213172 21
1760455696436 0.7793921897069007 22
1760455696587 0.7723147677034489 23
1760455696736 0.7669540196827394 24
1760455696884 0.760609278221239 25
1760455697035 0.7540015852421185 26
1760455697187 0.747519495317971 27
1760455697338 0.7415376529132135 28
1760455697489 0.7365605479107946 29
1760455697641 0.7298974858964129 30
1760455697789 0.7234955367255513 31
1760455845196 0.7177286532003647 32
1760455845388 0.7125267746601311 33
1760455845557 0.706351656977192 34
1760455845723 0.6996991146505236 35
1760455845883 0.6936069698072829 36
1760455846041 0.6880589363534242 37
1760455846192 0.6822862175398576 38
1760455846342 0.6773510004899443 39
1760455846490 0.6709440241885165 40
1760455846638 0.6663316566916873 41
1760455846787 0.6610143471432959 42
1760455846937 0.6545173211003971 43
1760455847088 0.6503464212694191 44
1760455847239 0.643438519095231 45
1760455847355 0.6402730057390457 46
1760456090527 0.6346768868166468 47
1760456090846 0.6304199172031377 48
1760456090996 0.6262440171353437 49
1760456091183 0.6221247836492209 50
1760456091468 0.6169615571800737 51
1760456091632 0.6119964163823093 52
1760456091784 0.6075011177786783 53
1760456091938 0.6029916965325396 54
1760456092086 0.5977385211085183 55
1760456092236 0.5917755184989116 56
1760456092387 0.5878099612289018 57
1760456092538 0.5831407696848874 58
1760456092688 0.5791781704545156 59
1760456092842 0.5744137411817073 60
1760456092995 0.5694282758950364 61
1760456093192 0.56648055627729 62
1760456269445 0.5609304341065983 63
1760456270917 0.5579090244705804 64
1760456271086 0.552155675860176 65
1760456271237 0.5488306371561437 66
1760456271390 0.5451860493452694 67
1760456271555 0.541203225775489 68
1760456271714 0.5362580902211086 69
1760456271868 0.5323377370707029 70
1760456272016 0.5284870274258537 71
1760456272168 0.5249327987178689 72
1760456272329 0.5205691830833956 73
1760456272487 0.5167613236524783 74
1760456272643 0.5131370876614674 75
1760456272793 0.5087493845495448 76
1760456272948 0.5053797960090278 77
1760456273099 0.5010430834365072 78
1760456437341 0.49832107005505877 79
1760456437526 0.49327449711143706 80
1760456437678 0.48933957016900437 81
1760456437830 0.48694956275381973 82
1760456437989 0.48246739373291014 83
1760456438143 0.47906072881372574 84
1760456438307 0.4752210104756809 85
1760456438475 0.4713675508247581 86
1760456438636 0.4677090078064479 87
1760456438792 0.4647083769301912 88
1760456438944 0.4612354179153404 89
1760456439109 0.4583971581430317 90
1760456439268 0.4542742203867032 91
1760456439425 0.45057511262967376 92
1760456439547 0.44737522849964756 93
1760456695053 0.44417596251703406 94
1760456695262 0.439523028079553 95
1760456695412 0.4372385503063523 96
1760456695562 0.4350334394943117 97
1760456695718 0.4315581205467498 98
1760456695870 0.42815692049947585 99
1760456696039 0.42408401925143746 100
1760456696193 0.42164899430809527 101
1760456696404 0.41839359378053476 102
1760456696553 0.4154215771565372 103
1760456696706 0.41235170765767504 104
1760456696857 0.40950762349440095 105
1760456697005 0.40667136727277364 106
1760456697154 0.40452643877103434 107
1760456697304 0.40209418675478614 108
1760456697455 0.39714034063862214 109
1760456861977 0.3934464177248974 110
1760456862135 0.3917770570003211 111
1760456862286 0.388950522841727 112
1760456862436 0.386318108156565 113
1760456862591 0.3837360044581132 114
1760456862740 0.3809482993480881 115
1760456862906 0.37744397531814255 116
1760456863061 0.37408428235343666 117
1760456863211 0.37132398606772654 118
1760456863364 0.3705251124913487 119
1760456863515 0.36687112359315893 120
1760456863667 0.36459181653073053 121
1760456863819 0.36166632910518115 122
1760456863970 0.36020023573692805 123
1760456864121 0.35755533077122226 124
1760456864272 0.3547971881429538 125
1760457014163 0.35190647422078014 126
1760457014346 0.3501839491502503 127
1760457014496 0.3476513883341561 128
1760457014649 0.34539107834445076 129
1760457014800 0.34251711825319253 130
1760457014954 0.3399804629096971 131
1760457015104 0.3384329993571501 132
1760457015257 0.3350473125837888 133
1760457015407 0.3322434906103773 134
1760457015561 0.3312103893655951 135
1760457015711 0.3301371728753062 136
1760457015861 0.32496438525619387 137
1760457016010 0.3244738691415553 138
1760457016159 0.32215036430595356 139
1760457016273 0.32017199954496245 140
1760457260768 0.3174645926471724 141
1760457261171 0.31604191401585335 142
1760457261514 0.31314288805221324 143
1760457262072 0.31090613236009546 144
1760457262231 0.30828896407462913 145
1760457262382 0.3074849349062364 146
1760457262533 0.3047209504364422 147
1760457262685 0.3024216850556578 148
1760457262835 0.30139482818911445 149
1760457262991 0.2996256212728848 150
1760457263142 0.29643149033348204 151
1760457263294 0.29383720663437807 152
1760457263444 0.29308643104046816 153
1760457263594 0.2904468043281647 154
1760457263756 0.2892466211786987 155
1760457263905 0.2863997998201855 156
1760457419930 0.2845396663730846 157
1760457420103 0.2827359317535002 158
1760457420257 0.2807213631715201 159
1760457420581 0.2787054277193254 160
1760457420865 0.27727661133504256 161
1760457421019 0.27529128601382924 162
1760457421171 0.274796180246098 163
1760457421324 0.27187147345242635 164
1760457421477 0.27116397395367364 165
1760457421629 0.2689514123159079 166
1760457421779 0.26774952345760306 167
1760457421930 0.2660536672974482 168
1760457422082 0.26468429174256014 169
1760457422237 0.2625919786282468 170
1760457422390 0.2621478482877055 171
1760457422540 0.258384946285337 172
1760457561277 0.2580071197608017 173
1760457561446 0.2559609965148296 174
1760457561598 0.2541818405093229 175
1760457561752 0.2550357621350708 176
1760457561903 0.24953402402892888 177
1760457562053 0.24920273547693464 178
1760457562205 0.2488715377398965 179
1760457562354 0.2453962459642819 180
1760457562509 0.24343224991349321 181
1760457562657 0.24495021800741887 182
1760457562811 0.24348867878738067 183
1760457562961 0.24191525002520087 184
1760457563110 0.24050300907637553 185
1760457563260 0.2391197557862368 186
1760457563380 0.2351704093385874 187
1760457808941 0.23548563553006305 188
1760457809738 0.23421662784735278 189
1760457810064 0.23426636761295322 190
1760457810220 0.231820378240281 191
1760457810372 0.22941623228288846 192
1760457810523 0.2285924946337044 193
1760457810674 0.22641250387224954 194
1760457810827 0.22555214638461474 195
1760457810978 0.22679166508925797 196
1760457811131 0.22464198854228826 197
1760457811282 0.22203758147061098 198
1760457811435 0.2220998295493283 199
1760457811586 0.21881883932764667 200
1760457811744 0.21914046570061146 201
1760457811896 0.21780488407649362 202
1760457812045 0.21662233738616543 203
1760457963677 0.21471900309870465 204
1760457963894 0.21494516380691633 205
1760457964076 0.21328343716563064 206
1760457964237 0.21210623579286772 207
1760457964395 0.21166238110237195 208
1760457964590 0.21003339451359743 209
1760457964743 0.21081708711624975 210
1760457965154 0.2081302289490094 211
1760457965313 0.20669226961808929 212
1760457965473 0.20511306592641054 213
1760457965625 0.2046053679290303 214
1760457965786 0.2042933067994171 215
1760457965946 0.2026973695082107 216
1760457966114 0.20174815078284614 217
1760457966283 0.20203595115435768 218
1760457966447 0.19763406163771177 219
1760458105999 0.19987908263922136 220
1760458106166 0.19800585363372547 221
1760458106321 0.19712780683628195 222
1760458106477 0.19629344264158885 223
1760458106627 0.19320221645030325 224
1760458106784 0.19241317278240358 225
1760458106934 0.19313085153081821 226
1760458107084 0.19248478012881173 227
1760458107235 0.1915381559066026 228
1760458107387 0.19118050789162958 229
1760458107538 0.18862092599784347 230
1760458107687 0.187512497195021 231
1760458107841 0.18939975649704233 232
1760458107994 0.18813808850072858 233
1760458108113 0.18624611815139377 234
1760458342073 0.18373715678263902 235
1760458342235 0.18358119661689282 236
1760458342450 0.18345081690850285 237
1760458342600 0.1810170438748032 238
1760458342751 0.18324659762521112 239
1760458342904 0.18170412894798652 240
1760458343055 0.17651358568971492 241
1760458343318 0.17936104749043413 242
1760458343472 0.17732646470053515 243
1760458343623 0.17797246665924937 244
1760458343774 0.17643757745647787 245
1760458343924 0.17479876428273375 246
1760458344076 0.17215561797881979 247
1760458344227 0.17327656746733355 248
1760458344380 0.1727193574998413 249
1760458344531 0.17194673373597608 250
1760458489310 0.17151346609021506 251
1760458489604 0.17016810358928072 252
1760458489774 0.16985284932527725 253
1760458489925 0.16827966877170336 254
1760458490075 0.16692657467142752 255
1760458490285 0.16714782262321376 256
1760458490438 0.16724388642557858 257
1760458490588 0.16575300837208878 258
1760458490756 0.16454698167864884 259
1760458490908 0.16399695416190702 260
1760458491061 0.1642150656654437 261
1760458491216 0.16394730830316606 262
1760458491368 0.1604406725507708 263
1760458491523 0.16155609840637064 264
1760458491675 0.16183503475016864 265
1760458491832 0.15953104122880168 266
1760458623466 0.15914384489867284 267
1760458623638 0.15740292162881037 268
1760458623792 0.1586295654538977 269
1760458623942 0.1572759064730369 270
1760458624100 0.1560970740228513 271
1760458624251 0.15622414635420767 272
1760458624403 0.15367128158572352 273
1760458624556 0.1534428152433561 274
1760458624708 0.15411087667045217 275
1760458624869 0.1536062373556314 276
1760458625021 0.15063739409387453 277
1760458625178 0.15176912390662234 278
1760458625330 0.14960047548812658 279
1760458625485 0.15334200583105095 280
1760458625600 0.14844042442723465 281
1760458841401 0.15020552356778757 282
1760458841977 0.14800388748547433 283
1760458842385 0.14966248306704344 284
1760458842834 0.14951085913646928 285
1760458843026 0.14847314081686705 286
1760458843181 0.14876353016217822 287
1760458843410 0.1471250804035017 288
1760458843588 0.14647539263861134 289
1760458843745 0.1442036871000525 290
1760458843903 0.14321871507280287 291
1760458844058 0.14353112350836833 292
1760458844218 0.14327568829447693 293
1760458844373 0.14472387295325867 294
1760458844529 0.14457612635264838 295
1760458844691 0.1430046327606831 296
1760458844847 0.14005296282676238 297
1760458978120 0.14144175267666287 298
1760458978332 0.1387742184976382 299
1760458978635 0.139926212347423 300
1760458978787 0.13929111688753237 301
1760458978938 0.13921231285033447 302
1760458979090 0.1375681813509384 303
1760458979247 0.13653558033979457 304
1760458979407 0.13716576097484534 305
1760458979560 0.1352849177129922 306
1760458979712 0.13512554711917477 307
1760458979867 0.13710069972064068 308
1760458980017 0.13454404691658572 309
1760458980177 0.13271983945179044 310
1760458980330 0.1331462253334219 311
1760458980507 0.13366191830817825 312
1760458980660 0.13169333362237348 313
1760459116416 0.1323639310296489 314
1760459116586 0.13113578254174466 315
1760459116739 0.1304215852742266 316
1760459116890 0.13208305943255993 317
1760459117040 0.13065610885354367 318
1760459117190 0.13030330010765545 319
1760459117340 0.1309114250071267 320
1760459117490 0.12774463252122234 321
1760459117640 0.12957320637656597 322
1760459117790 0.12710177712029586 323
1760459117941 0.1285729124922032 324
1760459118091 0.12743921654783258 325
1760459118248 0.1277180906645732 326
1760459118398 0.12707382529031358 327
1760459118514 0.12759233685729596 328
