1760705312768 1.65595011912374 0
1760705316580 1.6014867603825567 1
1760705320597 1.5471765638744257 2
1760705324120 1.5231451406282668 3
1760705327088 1.4825922795936202 4
1760705330421 1.4620530059296484 5
1760705332875 1.4152651710759656 6
1760705336200 1.3882923444655875 7
1760705339311 1.3553735178611805 8
1760705342687 1.3399693623891809 9
1760705345412 1.3203591755953052 10
1760705347914 1.3168997349945204 11
1760705350996 1.2844814998968066 12
1760705354184 1.281362263359237 13
1760705356820 1.254242832136514 14
1760705359838 1.241399327289732 15
1760705478561 1.2349692830219388 16
1760705481511 1.2132988762383656 17
1760705484489 1.206963280885083 18
1760705487321 1.1957110248193719 19
1760705490089 1.185912365330512 20
1760705492616 1.1909869796927488 21
1760705495529 1.1854017836804804 22
1760705498160 1.1669318832401887 23
