1760453864877 0.0 0
1760453865017 0.0 1
1760453865145 0.0 2
1760453865279 0.0 3
1760453865412 0.0 4
1760453865556 0.0 5
1760453865702 0.0 6
1760453865834 0.0 7
1760453865976 0.0 8
1760453866117 0.0 9
1760453866249 0.0 10
1760453866387 0.0 11
1760453866514 0.0 12
1760453866643 0.0 13
1760453866776 0.0 14
1760453866909 0.0 15
1760453890604 0.0 16
1760453890738 0.0 17
1760453890862 0.0 18
1760453890985 0.0 19
1760453891107 0.0 20
1760453891246 0.0 21
1760453891376 0.0 22
1760453891452 0.0 23
1760453939350 0.0 23
