1760453864877 0.7680355340081791 0
1760453865017 0.7444194983052539 1
1760453865145 0.7305625465622418 2
1760453865279 0.7181100549061117 3
1760453865412 0.7068028612719712 4
1760453865556 0.6956856547103829 5
1760453865702 0.6846437031699188 6
1760453865834 0.675127655729844 7
1760453865976 0.6659115113960755 8
1760453866117 0.6567007707731221 9
1760453866249 0.6473764621133353 10
1760453866387 0.6388971979934317 11
1760453866514 0.6304808450078878 12
1760453866643 0.6219899623696616 13
1760453866776 0.6142499618845088 14
1760453866909 0.6071286366425177 15
1760453890604 0.6001748048379825 16
1760453890738 0.5923483662773777 17
1760453890862 0.5855761704434645 18
1760453890985 0.5797975995651949 19
1760453891107 0.5739743874043166 20
1760453891246 0.5677636518164969 21
1760453891376 0.5612157389871495 22
1760453891452 0.5551722234378209 23
