1760450935253 0.0 0
1760450935387 0.0 1
1760450935533 0.0 2
1760450935668 0.0 3
1760450935794 0.0 4
1760450935926 0.0 5
1760450936052 0.0 6
1760450936179 0.0 7
1760450936306 0.0 8
1760450936437 0.0 9
1760450936560 0.0 10
1760450936684 0.0 11
1760450936813 0.0 12
1760450936944 0.0 13
1760450937067 0.0 14
1760450937193 0.0 15
1760450959806 0.0 16
1760450959943 0.0 17
1760450960085 0.0 18
1760450960215 0.0 19
1760450960341 0.0 20
1760450960469 0.0 21
1760450960601 0.0 22
1760450960681 0.0 23
1760451007141 0.0 23
