1760450935253 0.8031115167183334 0
1760450935387 0.7767832443136121 1
1760450935533 0.7561016131441731 2
1760450935668 0.7383207167721708 3
1760450935794 0.7210442369477276 4
1760450935926 0.7058232180363591 5
1760450936052 0.6928094106753049 6
1760450936179 0.679158727386484 7
1760450936306 0.6674050906106287 8
1760450936437 0.6558653981300723 9
1760450936560 0.6461760966767444 10
1760450936684 0.6386032527949418 11
1760450936813 0.6301505412137065 12
1760450936944 0.6208327501861177 13
1760450937067 0.6133552534475555 14
1760450937193 0.6034515037861334 15
1760450959806 0.597794853243327 16
1760450959943 0.5907895863283397 17
1760450960085 0.5839632532058111 18
1760450960215 0.5763661805302811 19
1760450960341 0.5689913456905269 20
1760450960469 0.5630371910948042 21
1760450960601 0.5563174537600266 22
1760450960681 0.552379114741978 23
