1760451940510 0.0 0
1760451940643 0.0 1
1760451940776 0.0 2
1760451940907 0.0 3
1760451941032 0.0 4
1760451941164 0.0 5
1760451941292 0.0 6
1760451941422 0.0 7
1760451941551 0.0 8
1760451941676 0.0 9
1760451941806 0.0 10
1760451941938 0.0 11
1760451942065 0.0 12
1760451942206 0.0 13
1760451942340 0.0 14
1760451942480 0.0 15
1760451965683 0.0 16
1760451965811 0.0 17
1760451965938 0.0 18
1760451966065 0.0 19
1760451966192 0.0 20
1760451966326 0.0 21
1760451966454 0.0 22
1760451966532 0.0 23
1760452010628 0.0 23
1760452046708 1.0 24
1760452046835 1.0 25
1760452046961 1.0 26
1760452047087 1.0 27
1760452047219 1.0 28
1760452047345 1.0 29
1760452047485 1.0 30
1760452047613 1.0 31
1760452047739 1.0 32
1760452047865 1.0 33
1760452047990 1.0 34
1760452048117 1.0 35
1760452048264 1.0 36
1760452048389 1.0 37
1760452048513 1.0 38
1760452048639 1.0 39
1760452070868 1.0 40
1760452070996 1.0 41
1760452071124 1.0 42
1760452071250 1.0 43
1760452071377 1.0 44
1760452071502 1.0 45
1760452071640 1.0 46
1760452071708 1.0 47
1760452114538 1.0 47
