1760451940510 1.1086733269268714 0
1760451940643 1.072782247204571 1
1760451940776 1.0448791414100471 2
1760451940907 1.025065779919297 3
1760451941032 1.0099445313393216 4
1760451941164 0.9973187069142 5
1760451941292 0.9849822688565641 6
1760451941422 0.9716000107084698 7
1760451941551 0.9601621578334869 8
1760451941676 0.9473668306101971 9
1760451941806 0.9365511360961722 10
1760451941938 0.9247465173865501 11
1760451942065 0.9142805517149499 12
1760451942206 0.9043571698157626 13
1760451942340 0.8937765558611883 14
1760451942480 0.8858740715780307 15
1760451965683 0.8756207407425097 16
1760451965811 0.8686065482248488 17
1760451965938 0.8585219576947211 18
1760451966065 0.8497479930812284 19
1760451966192 0.841727192104278 20
1760451966326 0.8320028884444395 21
1760451966454 0.826167538776486 22
1760451966532 0.8206628546537889 23
1760452046708 0.8124066822577318 24
1760452046835 0.807458143559928 25
1760452046961 0.8037390405882743 26
1760452047087 0.79723228244272 27
1760452047219 0.7931105126777228 28
1760452047345 0.7880967064602442 29
1760452047485 0.7827149851029684 30
1760452047613 0.7797688225268611 31
1760452047739 0.7739797467555681 32
1760452047865 0.7692756218511643 33
1760452047990 0.7676933841754059 34
1760452048117 0.7622341092006988 35
1760452048264 0.7586788473432142 36
1760452048389 0.7570607207590128 37
1760452048513 0.7508115080885995 38
1760452048639 0.7463219791163356 39
1760452070868 0.743197029058372 40
1760452070996 0.7404251151482695 41
1760452071124 0.7360918485207912 42
1760452071250 0.7327564049235853 43
1760452071377 0.7281721109833271 44
1760452071502 0.7244653504746551 45
1760452071640 0.7213262338976014 46
1760452071708 0.7165979013695805 47
