1761254498190 0.0 0
1761254498402 0.0 1
1761254498595 0.0 2
1761254498890 0.0 3
1761254499102 0.0 4
1761254499249 0.0 5
1761254499389 0.0 6
1761254499526 0.0 7
1761254499664 0.0 8
1761254499794 0.0 9
1761254499986 0.0 10
1761254500132 0.0 11
1761254500278 0.0 12
1761254500457 0.0 13
1761254500739 0.0 14
1761254500871 0.0 15
1761254671515 0.0 16
1761254671791 0.0 17
1761254671967 0.0 18
1761254672217 0.0 19
1761254672409 0.0 20
1761254672803 0.0 21
1761254673095 0.0 22
1761254673331 0.0 23
1761254673472 0.0 24
1761254673811 0.0 25
1761254674017 0.0 26
1761254674278 0.0 27
1761254674441 0.0 28
1761254674590 0.0 29
1761254674775 0.0 30
1761254675032 0.0 31
1761254877772 0.0 32
1761254878075 0.0 33
1761254878223 0.0 34
1761254878427 0.0 35
1761254878682 0.0 36
1761254878875 0.0 37
1761254879080 0.0 38
1761254879360 0.0 39
1761254879545 0.0 40
1761254879759 0.0 41
1761254879902 0.0 42
1761254880073 0.0 43
1761254880283 0.0 44
1761254880492 0.0 45
1761254880770 0.0 46
1761254880921 0.0 47
1761255112081 0.0 48
1761255112396 0.0 49
1761255112562 0.0 50
1761255112910 0.0 51
1761255113145 0.0 52
1761255113397 0.0 53
1761255113694 0.0 54
1761255113942 0.0 55
1761255114130 0.0 56
1761255114309 0.0 57
1761255114461 0.0 58
1761255114620 0.0 59
1761255114904 0.0 60
1761255115162 0.0 61
1761255115412 0.0 62
1761255115585 0.0 63
1761255366584 0.0 64
1761255366858 0.0 65
1761255367255 0.0 66
1761255367440 0.0 67
1761255367625 0.0 68
1761255367955 0.0 69
1761255368169 0.0 70
1761255368399 0.0 71
1761255368557 0.0 72
1761255368715 0.0 73
1761255368870 0.0 74
1761255369053 0.0 75
1761255369268 0.0 76
1761255369526 0.0 77
1761255369891 0.0 78
1761255370099 0.0 79
1761255588366 0.0 80
1761255588606 0.0 81
1761255588767 0.0 82
1761255588928 0.0 83
1761255589105 0.0 84
1761255589250 0.0 85
1761255589400 0.0 86
1761255589545 0.0 87
1761255589702 0.0 88
1761255589862 0.0 89
1761255590008 0.0 90
1761255590189 0.0 91
1761255590361 0.0 92
1761255590564 0.0 93
1761255796288 0.0 93
