1761254498190 1.2262000810544946 0
1761254498402 1.1859762045803572 1
1761254498595 1.1594578586924051 2
1761254498890 1.1382897129125333 3
1761254499102 1.116764962649554 4
1761254499249 1.088151217196709 5
1761254499389 1.069959668953389 6
1761254499526 1.0508954546936042 7
1761254499664 1.0229973287654586 8
1761254499794 1.008282564880516 9
1761254499986 1.0000612564797 10
1761254500132 0.9726693770919805 11
1761254500278 0.9690664837409648 12
1761254500457 0.9473550075174371 13
1761254500739 0.9365186278719952 14
1761254500871 0.9303562487143768 15
1761254671515 0.9261130462914599 16
1761254671791 0.927215591488807 17
1761254671967 0.9089156355854656 18
1761254672217 0.8943557269613346 19
1761254672409 0.892145759618771 20
1761254672803 0.8941034650496997 21
1761254673095 0.8821209465291686 22
1761254673331 0.8797618378279742 23
1761254673472 0.875785130808332 24
1761254673811 0.8676916559816492 25
1761254674017 0.8596534909278579 26
1761254674278 0.854184665467743 27
1761254674441 0.8478227373397933 28
1761254674590 0.8400916025143147 29
1761254674775 0.8380392536263704 30
1761254675032 0.8316688389614195 31
1761254877772 0.8308226581450762 32
1761254878075 0.8222109161261477 33
1761254878223 0.8213699654887929 34
1761254878427 0.8139005463832684 35
1761254878682 0.8146472716502289 36
1761254878875 0.8089329705890864 37
1761254879080 0.8022724621572986 38
1761254879360 0.7976176805773016 39
1761254879545 0.7920821017742784 40
1761254879759 0.7851961459621146 41
1761254879902 0.7827620463543399 42
1761254880073 0.7764634331234287 43
1761254880283 0.7728387841478704 44
1761254880492 0.7683594537572931 45
1761254880770 0.7655330049793387 46
1761254880921 0.7619671932684768 47
1761255112081 0.7610635413055649 48
1761255112396 0.7559419522234916 49
1761255112562 0.7521801703484623 50
1761255112910 0.7504312367987389 51
1761255113145 0.7474344085111023 52
1761255113397 0.7434794904115251 53
1761255113694 0.7395495010127363 54
1761255113942 0.7352183038057714 55
1761255114130 0.7318736504134712 56
1761255114309 0.7286121805089834 57
1761255114461 0.7248146877884645 58
1761255114620 0.7201068277163551 59
1761255114904 0.7196363847577385 60
1761255115162 0.716294408864758 61
1761255115412 0.7152419446733803 62
1761255115585 0.7102322560552348 63
1761255366584 0.7073957288786406 64
1761255366858 0.7037611549438922 65
1761255367255 0.7001947478684376 66
1761255367440 0.6969416276880716 67
1761255367625 0.6935700681586038 68
1761255367955 0.6908868138781388 69
1761255368169 0.687976629562804 70
1761255368399 0.684955727624231 71
1761255368557 0.6807193977442942 72
1761255368715 0.6792889273277222 73
1761255368870 0.6755206897286234 74
1761255369053 0.6740220392848459 75
1761255369268 0.6706883664937595 76
1761255369526 0.6674807146371544 77
1761255369891 0.6672638563657751 78
1761255370099 0.6629516865930787 79
1761255588366 0.6599995241464187 80
1761255588606 0.6594521102136408 81
1761255588767 0.6547702812124963 82
1761255588928 0.6537848777524639 83
1761255589105 0.6482820316849687 84
1761255589250 0.6489104702804025 85
1761255589400 0.6451127829212343 86
1761255589545 0.6390800874617089 87
1761255589702 0.636989234985599 88
1761255589862 0.6351948919202044 89
1761255590008 0.6320623830063734 90
1761255590189 0.6302313581539756 91
1761255590361 0.6267563530040445 92
1761255590564 0.6249713377354789 93
